  i   Ebol     E_V      E_I      E_K      cum Ebol cum E_V  cum E_I  cum E_K  log L     log dN   log Te   CN       G band   H beta   Mg 1      Mg 2     Fe 5270  Fe 5335  Na D     TiO 1    TiO 2 
   1 387.5958   1.5734   7.1026  45.1154 387.5958   1.5734   7.1026  45.1154  -1.1640   3.7524   3.5890   0.0135   4.0395  -0.9546   0.4180   0.5780   5.2598   4.9815   5.8674  11.3179   0.0651   0.1419
   2 854.2308   3.8545  16.4440  96.48551241.8267   5.4279  23.5467 141.6008  -1.0920   4.0236   3.5990   0.0637   4.4589  -0.8776   0.4248   0.5976   5.6876   5.0105   5.6674  10.8040   0.0481   0.1068
   3 935.7706   4.6983  18.8823 101.46542177.5972  10.1262  42.4290 243.0663  -1.0200   3.9912   3.6100   0.1104   4.8643  -0.7215   0.4177   0.6066   6.0745   5.0023   5.4498  10.2185   0.0357   0.0785
   41027.4497   5.7066  21.6330 106.35233205.0469  15.8327  64.0620 349.4186  -0.9480   3.9598   3.6210   0.1489   5.2148  -0.5021   0.3975   0.6031   6.3703   4.9540   5.2320   9.5907   0.0285   0.0586
   51141.0125   6.9736  24.9198 112.14974346.0596  22.8064  88.9817 461.5683  -0.8720   3.9293   3.6320   0.1796   5.5118  -0.2338   0.3666   0.5881   6.5673   4.8683   5.0124   8.9144   0.0252   0.0451
   61269.7058   8.5439  28.5629 117.16695615.7656  31.3503 117.5446 578.7352  -0.7960   3.8997   3.6440   0.2031   5.7706   0.0893   0.3248   0.5612   6.6721   4.7429   4.7751   8.1625   0.0245   0.0355
   71428.7274  10.5309  32.9274 123.23747044.4932  41.8811 150.4721 701.9726  -0.7160   3.8709   3.6560   0.2173   5.9650   0.4283   0.2771   0.5238   6.6484   4.5853   4.5360   7.3731   0.0254   0.0294
   81398.6802  11.1906  32.7384 112.54488443.1738  53.0718 183.2104 814.5174  -0.6400   3.7857   3.6680   0.2213   6.0925   0.7582   0.2276   0.4786   6.4989   4.4056   4.2985   6.5753   0.0266   0.0249
   91322.9619  11.1626  31.2073 101.34969766.1357  64.2344 214.4177 915.8669  -0.5760   3.6975   3.6760   0.2195   6.1429   0.9672   0.1947   0.4433   6.3089   4.2698   4.1347   6.0140   0.0267   0.0218
  101463.7529  13.0085  34.7282 106.3405*********  77.2429 249.14591022.2075  -0.5120   3.6775   3.6850   0.2116   6.1627   1.1760   0.1601   0.4016   6.0291   4.1131   3.9535   5.3972   0.0256   0.0177
  111620.9739  15.1355  38.5857 111.4438*********  92.3784 287.73161133.6512  -0.4480   3.6578   3.6940   0.1982   6.1448   1.3507   0.1293   0.3576   5.6689   3.9513   3.7722   4.7839   0.0227   0.0122
  121813.2521  17.6267  43.2172 118.6670********* 110.0051 330.94881252.3182  -0.3800   3.6385   3.7020   0.1822   6.0973   1.4718   0.1061   0.3163   5.2659   3.8008   3.6066   4.2337   0.0180   0.0056
  132011.3999  20.0845  47.9586 127.0070********* 130.0895 378.90741379.3252  -0.3160   3.6195   3.7080  -0.0078   7.0240   1.5106   0.0758   0.2568   4.8902   2.9899   2.9417   2.5507   0.0134   0.0025
  142274.4932  23.3077  54.1988 138.4123********* 153.3973 433.10621517.7375  -0.2440   3.6009   3.7140  -0.0090   6.8851   1.6309   0.0685   0.2383   4.5854   2.8929   2.8417   2.4443   0.0134   0.0022
  151675.9408  17.4697  39.8963  99.4098********* 170.8669 473.00251617.1473  -0.1600   3.3843   3.7180  -0.0104   6.7765   1.7214   0.0639   0.2240   4.3152   2.8298   2.7766   2.3756   0.0134   0.0019
  161289.2766  13.4952  30.6820  75.9811********* 184.3621 503.68441693.1284  -0.1400   3.2503   3.7190  -0.0108   6.7475   1.7442   0.0628   0.2206   4.2520   2.8142   2.7604   2.3587   0.0134   0.0018
  172007.6340  21.1112  47.7601 117.4967********* 205.4733 551.44461810.6251  -0.0760   3.3787   3.7200  -0.0113   6.7178   1.7756   0.0617   0.2142   4.1047   2.7986   2.7444   2.3419   0.0134   0.0018
  182051.4775  21.4187  48.8316 121.5112********* 226.8920 600.27621932.1364  -0.0160   3.3281   3.7180  -0.0104   6.7765   1.7491   0.0639   0.2136   4.0393   2.8298   2.7766   2.3756   0.0134   0.0019
  192159.5330  22.0300  51.4527 132.6610********* 248.9220 651.72892064.7974   0.0440   3.2904   3.7120  -0.0085   6.9347   1.6499   0.0709   0.2201   4.0653   2.9250   2.8748   2.4793   0.0134   0.0023
  201229.0105  11.2383  29.1317  87.1490********* 260.1603 680.86072151.9463   0.1080   2.9816   3.6880   0.2423   6.2045   1.3685   0.1290   0.3336   5.2000   3.8436   3.6739   4.4955   0.0239   0.0149
  21 434.1205   3.9489  10.2850  30.9666********* 264.1092 691.14572182.9128   0.1080   2.5296   3.6870   0.2443   6.2091   1.3523   0.1318   0.3375   5.2318   3.8592   3.6917   4.5427   0.0241   0.0154
  22 646.0137   5.3397  15.1062  50.9040********* 269.4489 706.25202233.8169   0.1800   2.6302   3.6700   0.2739   6.2396   1.0507   0.1822   0.3929   5.5630   4.0898   3.9666   5.2036   0.0249   0.0224
  23 371.6255   2.9778   8.6418  30.1457********* 272.4267 714.89382263.9626   0.2240   2.3461   3.6650   0.2809   6.2340   0.9593   0.1970   0.4054   5.5964   4.1460   4.0396   5.3428   0.0246   0.0245
  24 437.9908   3.4472  10.1465  36.1219********* 275.8739 725.04032300.0845   0.2880   2.3535   3.6620   0.2869   6.2356   0.9167   0.2039   0.4089   5.5669   4.1679   4.0703   5.3663   0.0242   0.0258
  25 464.0712   3.6115  10.7212  38.6759********* 279.4854 735.76162338.7605   0.3600   2.3066   3.6600   0.2926   6.2427   0.8989   0.2070   0.4084   5.5128   4.1746   4.0810   5.3385   0.0240   0.0267
  26 455.4966   3.5050  10.4932  38.3556********* 282.9904 746.25482377.1162   0.4320   2.2265   3.6580   0.2981   6.2499   0.8818   0.2099   0.4079   5.4590   4.1821   4.0922   5.3101   0.0238   0.0278
  27 460.8246   3.5053  10.5848  39.2050********* 286.4956 756.83962416.3213   0.5000   2.1635   3.6560   0.3031   6.2560   0.8640   0.2130   0.4077   5.4102   4.1911   4.1054   5.2869   0.0236   0.0290
  28 451.1169   3.3909  10.3301  38.7740********* 289.8866 767.16972455.0952   0.5640   2.0903   3.6540   0.3076   6.2611   0.8456   0.2163   0.4079   5.3666   4.2016   4.1204   5.2687   0.0236   0.0304
  29 470.2298   3.4888  10.7288  40.8628********* 293.3753 777.89852495.9580   0.6240   2.0483   3.6520   0.3115   6.2648   0.8265   0.2197   0.4085   5.3279   4.2133   4.1371   5.2554   0.0236   0.0319
  30 494.3130   3.6178  11.2333  43.4412********* 296.9931 789.13182539.3992   0.6920   2.0020   3.6500   0.3158   6.2707   0.8113   0.2225   0.4085   5.2820   4.2237   4.1518   5.2326   0.0236   0.0336
  31 503.9445   3.6375  11.4060  44.7856********* 300.6306 800.53782584.1848   0.7520   1.9504   3.6480   0.3193   6.2740   0.7940   0.2258   0.4092   5.2455   4.2360   4.1694   5.2199   0.0238   0.0355
  32 594.1982   4.1983  13.3666  53.6966********* 304.8289 813.90442637.8813   0.8240   1.9499   3.6450   0.3229   6.2728   0.7632   0.2315   0.4118   5.2109   4.2575   4.2020   5.2213   0.0242   0.0388
  33 624.4335   4.3189  13.9589  57.3542********* 309.1479 827.86332695.2356   0.9040   1.8915   3.6420   0.3265   6.2732   0.7378   0.2365   0.4138   5.1711   4.2776   4.2329   5.2144   0.0250   0.0426
  34 631.2501   4.3038  14.0497  58.5957********* 313.4517 841.91302753.8313   0.9760   1.8242   3.6400   0.3297   6.2794   0.7294   0.2388   0.4138   5.1298   4.2886   4.2488   5.1927   0.0256   0.0455
  35 751.4009   5.0102  16.6124  70.8706********* 318.4619 858.52552824.7019   1.0520   1.8239   3.6370   0.3321   6.2772   0.7069   0.2438   0.4164   5.1007   4.3091   4.2822   5.1936   0.0269   0.0503
  36 504.5641   3.2637  11.0533  48.6035********* 321.7256 869.57872873.3054   1.1280   1.5749   3.6330   0.3328   6.2627   0.6716   0.2514   0.4219   5.0891   4.3377   4.3346   5.2181   0.0291   0.0576
  37 401.1631   2.5746   8.7675  38.8494********* 324.3002 878.34632912.1548   1.1360   1.4673   3.6320   0.3322   6.2544   0.6594   0.2539   0.4240   5.0957   4.3453   4.3507   5.2328   0.0297   0.0596
  38 646.0085   4.1792  14.1518  62.2224********* 328.4793 892.49802974.3772   1.1360   1.6742   3.6330   0.3333   6.2658   0.6747   0.2510   0.4214   5.0828   4.3370   4.3326   5.2119   0.0291   0.0577
  39 702.8726   4.4089  15.2518  69.1151********* 332.8882 907.74983043.4922   1.2000   1.6469   3.6290   0.3323   6.2437   0.6405   0.2589   0.4278   5.0866   4.3642   4.3888   5.2460   0.0320   0.0662
  40 746.3289   4.5624  16.0325  74.6379********* 337.4506 923.78233118.1301   1.2720   1.6009   3.6260   0.3324   6.2351   0.6284   0.2631   0.4312   5.0770   4.3817   4.4255   5.2557   0.0347   0.0738
  41 761.3642   4.5306  16.1796  77.4545********* 341.9812 939.96193195.5847   1.3320   1.5496   3.6230   0.3312   6.2200   0.6155   0.2678   0.4355   5.0812   4.3985   4.4658   5.2756   0.0379   0.0822
  42 785.9471   4.5515  16.5211  81.2557********* 346.5327 956.48293276.8403   1.4040   1.4914   3.6200   0.3300   6.2089   0.6116   0.2715   0.4394   5.0842   4.4138   4.5037   5.2921   0.0417   0.0918
  43 715.2540   3.9911  14.8153  75.5499********* 350.5238 971.29823352.3904   1.4680   1.3865   3.6160   0.3258   6.1768   0.6004   0.2775   0.4465   5.1157   4.4319   4.5624   5.3321   0.0475   0.1058
  44 684.2984   3.6424  13.9118  74.1897********* 354.1662 985.21003426.5801   1.5360   1.2992   3.6110   0.3183   6.1257   0.5935   0.2846   0.4562   5.1736   4.4492   4.6392   5.3873   0.0562   0.1261
  45 704.7863   3.6118  14.1152  77.9483********* 357.7780 999.32523504.5283   1.6000   1.2481   3.6070   0.3118   6.0855   0.6024   0.2889   0.4637   5.2277   4.4587   4.6992   5.4307   0.0646   0.1451
  46 824.0074   4.0237  16.1893  93.3803********* 361.80171015.51453597.9087   1.6680   1.2479   3.6020   0.3014   6.0237   0.6229   0.2936   0.4738   5.3150   4.4641   4.7774   5.4891   0.0770   0.1724
  47 866.7206   4.0293  16.5882 100.5247********* 365.83101032.10273698.4333   1.7480   1.1899   3.5980   0.2933   5.9848   0.6621   0.2951   0.4817   5.3957   4.4651   4.8356   5.5415   0.0890   0.1985
  48 868.5941   3.7870  16.0641 103.6974********* 369.61801048.16673802.1309   1.8160   1.1228   3.5930   0.2800   5.9126   0.7144   0.2970   0.4927   5.5211   4.4574   4.9153   5.6086   0.1061   0.2351
  49 877.9831   3.5413  15.5829 108.2847********* 373.15931063.74963910.4155   1.9000   1.0435   3.5870   0.2620   5.8196   0.8042   0.2969   0.5063   5.7018   4.4377   5.0116   5.6958   0.1307   0.2876
  50 814.0844   3.0752  13.9601 103.0039********* 376.23461077.70974013.4194   1.9640   0.9467   3.5820   0.2449   5.7314   0.9000   0.2948   0.5182   5.8783   4.4110   4.0504   5.7704   0.1550   0.3393
  51 952.0714   3.3670  15.7764 123.4050********* 379.60151093.48614136.8242   2.0320   0.9467   3.5770   0.2262   5.6397   1.0202   0.2905   0.5305   6.0824   4.3756   4.0253   5.8530   0.1835   0.4002
  521133.4869   3.6945  17.9553 150.8656********* 383.29611111.44144287.6899   2.1080   0.9464   3.5720   0.2062   5.5478   1.1679   0.2838   0.5438   6.3203   4.3322   3.9982   5.9513   0.2170   0.4725
  531426.8368   3.8004  20.9102 197.9197********* 387.09641132.35164485.6099   2.2080   0.9464   3.5640   0.1696   5.3721   1.4493   0.2685   0.5654   6.7527   4.2376   3.9509   6.1000   0.2818   0.6139
  541372.1848   2.5081  19.0445 197.1344********* 389.60461151.39614682.7441   2.3160   0.8214   3.5530   0.1110   5.0792   1.9430   0.2362   0.5946   7.4486   4.0543   3.8782   6.2758   0.3994   0.8780
  551079.9075   1.4564  14.9685 156.4169********* 391.06091166.36464839.1611   2.3880   0.6454   3.5460  -0.0558   4.5436   3.6624   0.0101   0.4415  11.6980   4.3774   3.8278   4.4631   0.3931   0.7406
  561274.6371   0.8717  15.9087 190.0759********* 391.93261182.27335029.2368   2.4600   0.6454   3.5370  -0.0856   4.1222   4.1543  -0.0317   0.4345  12.9563   4.3810   3.7584   4.4438   0.4327   0.8053
  571546.6300   0.4859  15.2816 239.6967********* 392.41851197.55495268.9336   2.5440   0.6454   3.5260  -0.1173   3.6245   4.6700  -0.0745   0.4273  14.3092   4.3530   3.6672   4.4811   0.4755   0.8744
  581965.1084   0.3073  13.3275 317.8142********* 392.72591210.88245586.7476   2.6480   0.6454   3.5140  -0.1461   3.1024   5.1322  -0.1113   0.4208  15.5678   4.2847   3.5604   4.5930   0.5155   0.9381
  592614.4875   0.1975  11.7849 439.6993********* 392.92341222.66746026.4468   2.7720   0.6454   3.4990  -0.1745   2.4790   5.5739  -0.1200   0.4148  16.8462   4.1488   3.4173   4.8282   0.5564   1.0019
  603642.3896   0.1664  10.7050 641.8002********* 393.08981233.37236668.2471   2.9160   0.6454   3.4790  -0.2003   1.6953   5.9502  -0.1200   0.4098  18.0884   3.8895   3.2121   5.2889   0.5967   1.0622
  615752.6211   0.1477  13.21711047.1470********* 393.23751246.58947715.3940   3.1160   0.6439   3.4470  -0.2169   0.5453   6.1155  -0.1200   0.4083  19.1225   3.3181   2.8564   6.3215   0.6319   1.1075
  625167.7451   0.0553  10.2924 947.4176********* 393.29281256.88188662.8115   3.3720   0.3413   3.4010  -0.1979  -0.9089   5.5979  -0.0828   0.4170  18.9490   2.2367   2.3038   8.2974   0.6313   1.0839
  635881.7246  36.2480 126.4017 583.0137********* 429.54081383.28369245.8252   1.6600   2.1095   3.6260   0.3591   6.4513   0.8194   0.2368   0.4035   4.7336   4.3879   4.3134   5.0949   0.0367   0.0794
  647737.8901  55.9426 174.0312 686.1159********* 485.48331557.31489931.9414   1.6960   2.1926   3.6460   0.3754   6.5924   1.1197   0.1764   0.3375   4.2256   4.1985   3.9383   4.6156   0.0237   0.0399
  652153.3843  14.9984  47.9529 196.2137********* 500.48181605.2677*********   1.7640   1.5691   3.6410   0.3771   6.5990   1.0613   0.1881   0.3499   4.2882   4.2596   4.0170   4.7419   0.0258   0.0477
  661047.7876   6.8570  22.9257  99.7023********* 507.33871628.1935*********   1.8280   1.1923   3.6330   0.3746   6.5795   0.9651   0.2085   0.3727   4.4392   4.3448   4.1526   4.9453   0.0309   0.0636
  67 706.5396   4.3186  15.1189  70.2636********* 511.65741643.3124*********   1.9000   0.9491   3.6250   0.3683   6.5438   0.8903   0.2276   0.3956   4.5991   4.4170   4.2876   5.1474   0.0388   0.0849
  68 417.2591   2.3647   8.6883  43.4110********* 514.02211652.0007*********   1.9720   0.6484   3.6170   0.3579   6.4892   0.8404   0.2448   0.4189   4.7819   4.4737   4.4237   5.3492   0.0503   0.1129
  69 286.1603   1.3331   5.4992  32.9681********* 515.35521657.4999*********   2.1360   0.3206   3.5980   0.3163   6.2795   0.8549   0.2751   0.4766   5.3482   4.5346   4.7520   5.8258   0.0968   0.2164
  70 335.9762   0.8132   5.3029  45.6928********* 516.16851662.8027*********   2.3960   0.1303   3.5640   0.1812   5.6084   1.5624   0.2659   0.5852   7.0150   4.3120   3.9509   6.6310   0.2960   0.6493
  71 439.9312   1.6310   7.5315  55.6677********* 517.79941670.3342*********   2.2960   0.3474   3.5800   0.2552   5.9843   1.1053   0.2825   0.5342   6.1158   4.4807   4.0406   6.2898   0.1777   0.3905
  72 439.1549   1.8505   8.0196  52.8554********* 519.65001678.3539*********   2.2160   0.4266   3.5900   0.2921   6.1658   0.9368   0.2811   0.5019   5.6576   4.5273   4.8904   6.0408   0.1274   0.2825
  731000.9423   4.3808  18.6351 118.5347********* 524.03081696.9890*********   2.1960   0.8044   3.5930   0.3021   6.2167   0.9038   0.2790   0.4924   5.5357   4.5347   4.8370   5.9704   0.1152   0.2562
  741497.4059   6.0755  26.8362 182.9349********* 530.10631723.8252*********   2.2640   0.9113   3.5870   0.2826   6.1300   0.9867   0.2817   0.5119   5.7908   4.5228   4.9404   6.1468   0.1415   0.3127
  751124.3478   4.1174  19.1437 142.8155********* 534.22371742.9689*********   2.3360   0.7149   3.5790   0.2522   5.9864   1.1380   0.2815   0.5385   6.1792   4.4817   4.0356   6.3648   0.1846   0.4055
  76 992.1037   2.5608  15.8895 133.6332********* 536.78451758.8584*********   2.4280   0.5686   3.5660   0.1928   5.6937   1.5058   0.2690   0.5817   6.9252   4.3516   3.9631   6.6785   0.2799   0.6141
  77 757.2012   1.1845  11.8089 105.1172********* 537.96901770.6674*********   2.5320   0.3472   3.5530   0.1224   5.3575   2.0621   0.2380   0.6264   7.8565   4.1472   3.8782   7.0140   0.4212   0.9352
  78 590.7098   0.6314   8.7703  83.2918********* 538.60031779.4376*********   2.6000   0.1714   3.5430  -0.0662   4.4017   3.8336  -0.0045   0.4390  12.1331   4.3813   3.8052   4.4515   0.4068   0.7630
  79 734.2850   0.2915   7.9938 110.3866********* 538.89181787.4314*********   2.6960   0.1699   3.5290  -0.1092   3.7584   4.5384  -0.0637   0.4291  13.9597   4.3640   3.6927   4.4645   0.4644   0.8566
  801003.7197   0.0944   5.3988 162.7494********* 538.98621792.8302*********   2.8320   0.1696   3.5090  -0.1565   2.8911   5.2956  -0.1200   0.4186  16.0291   4.2454   3.5138   4.6601   0.5302   0.9612
  81 812.8108   0.0360   2.4761 139.8879********* 539.02221795.3063*********   3.0280  -0.1180   3.4860  -0.1928   1.9636   5.8444  -0.1200   0.4112  17.7102   3.9897   3.2856   5.1098   0.5844   1.0441
  82 506.2685   0.0218   1.5033  87.3510********* 539.04401796.8096*********   3.0360  -0.3316   3.4850  -0.1939   1.9249   5.8612  -0.1200   0.4110  17.7679   3.9760   3.2752   5.1343   0.5862   1.0469
  83 692.4017   0.0309   2.2788 116.2015********* 539.07501799.0884*********   3.1680  -0.3276   3.4920  -0.1850   2.1987   5.7319  -0.1200   0.4127  17.3383   4.0676   3.3472   4.9713   0.5723   1.0261
  84 536.6816   0.0258   1.9258  88.8816********* 539.10081801.0142*********   3.1760  -0.4463   3.4960  -0.1792   2.3580   5.6452  -0.1200   0.4138  17.0649   4.1153   3.3875   4.8871   0.5634   1.0127
  85 589.3992   0.0214   1.6006 100.5039********* 539.12221802.6147*********   3.2480  -0.4776   3.4850  -0.1939   1.9249   5.8612  -0.1200   0.4110  17.7679   3.9760   3.2752   5.1343   0.5862   1.0469
  86  39.9752   0.2797   0.8889   3.5250********* 539.40191803.5037*********   3.2880  -1.6862   3.6420   0.4185   7.1485   1.4893   0.1112   0.2781   2.7577   4.6482   3.8102   5.8783   0.0259   0.0519
  87  80.4780   1.0801   1.1885   1.3442********* 540.48191804.6921*********   3.3000  -1.3943   3.9060  -0.2143  -1.5852   7.8825  -0.0139   0.0339   0.4209   0.8617   0.7133   0.5381   0.0134  -0.0059
  88  92.4390   0.2668   0.2227   0.1632********* 540.74881804.9148*********   3.3080  -1.3421   4.2550   0.0000   0.0000   0.0000   0.0000   0.0000   0.0000   0.0000   0.0000   0.0000   0.0000   0.0000
  89  93.3196   0.0851   0.0637   0.0400********* 540.83391804.9785*********   3.3040  -1.3340   4.4800   0.0000   0.0000   0.0000   0.0000   0.0000   0.0000   0.0000   0.0000   0.0000   0.0000   0.0000
  90  87.4930   0.0303   0.0221   0.0134********* 540.86411805.0006*********   3.2760  -1.3340   4.6410   0.0000   0.0000   0.0000   0.0000   0.0000   0.0000   0.0000   0.0000   0.0000   0.0000   0.0000
  91  76.9083   0.0133   0.0099   0.0061********* 540.87741805.0105*********   3.2200  -1.3340   4.7690   0.0000   0.0000   0.0000   0.0000   0.0000   0.0000   0.0000   0.0000   0.0000   0.0000   0.0000
  92  64.5614   0.0066   0.0048   0.0029********* 540.88401805.0154*********   3.1440  -1.3340   4.8520   0.0000   0.0000   0.0000   0.0000   0.0000   0.0000   0.0000   0.0000   0.0000   0.0000   0.0000
  93  30.1093   0.0021   0.0015   0.0009********* 540.88611805.0168*********   3.0680  -1.5893   4.9130   0.0000   0.0000   0.0000   0.0000   0.0000   0.0000   0.0000   0.0000   0.0000   0.0000   0.0000
