  1  0.114865 -2.777200  3.504800  0.25473E+06  17.445  16.167  14.425  13.108  11.497   9.983   8.984   8.744   1.742   2.928   2.513   1.239
  2  0.133228 -2.648700  3.504800  0.53460E+06  17.123  15.846  14.104  12.786  11.175   9.662   8.663   8.423   1.742   2.928   2.513   1.239
  3  0.169472 -2.451700  3.507500  0.37233E+06  16.546  15.281  13.561  12.262  10.673   9.177   8.177   7.941   1.720   2.888   2.496   1.236
  4  0.200174 -2.331250  3.512350  0.23092E+06  16.081  14.841  13.167  11.903  10.354   8.888   7.887   7.660   1.674   2.813   2.467   1.228
  5  0.230876 -2.210800  3.517200  0.26267E+06  15.612  14.400  12.774  11.544  10.037   8.600   7.598   7.380   1.627   2.737   2.439   1.220
  6  0.297847 -2.014100  3.526300  0.12398E+06  14.783  13.628  12.086  10.929   9.516   8.128   7.140   6.935   1.543   2.569   2.376   1.193
  7  0.314759 -1.967100  3.528400  0.30417E+05  14.569  13.423  11.886  10.762   9.394   8.006   7.045   6.835   1.537   2.491   2.350   1.170
  8  0.321278 -1.947900  3.529200  0.12761E+05  14.484  13.341  11.807  10.695   9.345   7.956   7.005   6.794   1.534   2.462   2.340   1.162
  9  0.325074 -1.935900  3.529700  0.87056E+04  14.431  13.290  11.757  10.653   9.314   7.925   6.981   6.769   1.533   2.443   2.334   1.156
 10  0.328512 -1.924700  3.530100  0.84238E+04  14.385  13.245  11.714  10.616   9.285   7.896   6.957   6.744   1.531   2.428   2.329   1.152
 11  0.332249 -1.912800  3.530500  0.97118E+04  14.337  13.199  11.669  10.576   9.255   7.866   6.931   6.718   1.530   2.413   2.324   1.148
 12  0.337007 -1.898200  3.531100  0.13386E+05  14.272  13.137  11.609  10.526   9.218   7.828   6.901   6.687   1.528   2.391   2.317   1.141
 13  0.344356 -1.877200  3.532000  0.52174E+05  14.178  13.047  11.522  10.452   9.164   7.774   6.858   6.642   1.525   2.358   2.306   1.132
 14  0.386649 -1.767200  3.538950  0.67714E+05  13.575  12.480  10.980  10.008   8.883   7.490   6.662   6.433   1.500   2.097   2.221   1.058
 15  0.428941 -1.657200  3.545900  0.36631E+05  13.026  11.965  10.489   9.587   8.598   7.217   6.454   6.217   1.476   1.891   2.145   1.000
 16  0.445047 -1.612900  3.549200  0.19426E+05  12.865  11.805  10.337   9.440   8.467   7.112   6.351   6.120   1.468   1.869   2.116   0.992
 17  0.462713 -1.563500  3.553200  0.17475E+05  12.681  11.623  10.163   9.273   8.320   6.995   6.239   6.014   1.460   1.843   2.081   0.982
 18  0.478337 -1.518900  3.556900  0.14356E+05  12.515  11.457  10.005   9.122   8.187   6.891   6.137   5.918   1.452   1.819   2.049   0.973
 19  0.492281 -1.478400  3.560500  0.12130E+05  12.362  11.305   9.860   8.982   8.064   6.797   6.047   5.833   1.445   1.795   2.018   0.964
 20  0.505065 -1.441200  3.564000  0.99334E+04  12.219  11.162   9.724   8.851   7.951   6.712   5.964   5.756   1.438   1.773   1.987   0.956
 21  0.515529 -1.410400  3.567000  0.79550E+04  12.099  11.043   9.610   8.743   7.857   6.642   5.896   5.694   1.433   1.753   1.961   0.949
 22  0.524602 -1.383500  3.569800  0.71942E+04  11.993  10.937   9.509   8.646   7.774   6.582   5.838   5.640   1.428   1.736   1.936   0.942
 23  0.533937 -1.355700  3.572800  0.78024E+04  11.882  10.827   9.404   8.544   7.688   6.520   5.778   5.585   1.423   1.717   1.910   0.935
 24  0.545411 -1.321500  3.576600  0.96532E+04  11.748  10.695   9.281   8.427   7.586   6.443   5.700   5.515   1.414   1.694   1.886   0.928
 25  0.561001 -1.275000  3.582000  0.11642E+05  11.564  10.516   9.116   8.270   7.452   6.338   5.593   5.419   1.400   1.664   1.859   0.919
 26  0.580285 -1.216800  3.589000  0.12406E+05  11.332  10.291   8.908   8.073   7.283   6.209   5.460   5.301   1.383   1.625   1.824   0.908
 27  0.601235 -1.153400  3.597000  0.11583E+05  11.076  10.043   8.680   7.856   7.100   6.070   5.317   5.174   1.363   1.580   1.783   0.895
 28  0.621116 -1.093500  3.605100  0.11344E+05  10.819   9.800   8.461   7.652   6.928   5.939   5.186   5.059   1.339   1.534   1.742   0.880
 29  0.644401 -1.023500  3.615100  0.13274E+05  10.492   9.502   8.203   7.418   6.731   5.785   5.039   4.928   1.299   1.472   1.692   0.857
 30  0.676189 -0.929400  3.629300  0.12396E+05  10.038   9.095   7.853   7.102   6.468   5.583   4.852   4.762   1.242   1.385   1.616   0.822
 31  0.701993 -0.861856  3.640178  0.10172E+05   9.664   8.784   7.595   6.880   6.280   5.438   4.737   4.656   1.189   1.315   1.543   0.783
 32  0.727797 -0.794311  3.651056  0.93449E+04   9.290   8.476   7.340   6.662   6.095   5.297   4.627   4.554   1.137   1.245   1.468   0.743
 33  0.753601 -0.726767  3.661933  0.86102E+04   8.920   8.178   7.091   6.453   5.913   5.155   4.523   4.455   1.086   1.178   1.390   0.701
 34  0.779405 -0.659222  3.672811  0.79552E+04   8.553   7.884   6.847   6.248   5.735   5.017   4.424   4.359   1.036   1.113   1.311   0.658
 35  0.805209 -0.591678  3.683689  0.73690E+04   8.200   7.602   6.611   6.049   5.559   4.881   4.324   4.264   0.991   1.052   1.235   0.617
 36  0.831013 -0.524133  3.694567  0.68426E+04   7.856   7.330   6.382   5.854   5.388   4.747   4.227   4.170   0.948   0.994   1.161   0.576
 37  0.856817 -0.456589  3.705445  0.63681E+04   7.521   7.066   6.159   5.664   5.218   4.615   4.129   4.076   0.906   0.941   1.089   0.538
 38  0.882621 -0.389044  3.716322  0.59392E+04   7.192   6.809   5.943   5.477   5.052   4.485   4.032   3.983   0.865   0.892   1.020   0.502
 39  0.908425 -0.321500  3.727200  0.46148E+04   6.868   6.557   5.734   5.294   4.888   4.357   3.935   3.889   0.823   0.846   0.953   0.468
 40  0.925530 -0.281800  3.733000  0.34552E+04   6.688   6.416   5.616   5.189   4.792   4.280   3.875   3.830   0.800   0.823   0.918   0.450
 41  0.941992 -0.244200  3.738400  0.31924E+04   6.520   6.283   5.505   5.090   4.703   4.208   3.818   3.774   0.778   0.802   0.885   0.434
 42  0.957856 -0.208400  3.743400  0.29369E+04   6.365   6.159   5.401   4.997   4.618   4.140   3.762   3.719   0.758   0.783   0.856   0.420
 43  0.972921 -0.174900  3.748000  0.27564E+04   6.223   6.045   5.306   4.911   4.539   4.075   3.709   3.667   0.739   0.767   0.831   0.407
 44  0.987968 -0.141800  3.752400  0.27331E+04   6.085   5.934   5.213   4.827   4.462   4.011   3.655   3.616   0.721   0.751   0.807   0.396
 45  1.003875 -0.107300  3.756800  0.27809E+04   5.943   5.819   5.117   4.739   4.382   3.944   3.599   3.561   0.703   0.735   0.782   0.384
 46  1.020668 -0.071300  3.761300  0.27820E+04   5.800   5.701   5.017   4.649   4.298   3.874   3.540   3.503   0.684   0.719   0.758   0.372
 47  1.037889 -0.034800  3.765800  0.27075E+04   5.659   5.583   4.917   4.557   4.214   3.803   3.479   3.443   0.666   0.704   0.735   0.360
 48  1.055099  0.001200  3.770100  0.25985E+04   5.523   5.468   4.820   4.468   4.131   3.732   3.418   3.383   0.648   0.689   0.712   0.350
 49  1.072236  0.036700  3.774100  0.25168E+04   5.391   5.356   4.724   4.380   4.049   3.662   3.358   3.322   0.631   0.675   0.692   0.340
 50  1.089649  0.072300  3.778100  0.24389E+04   5.260   5.244   4.629   4.292   3.968   3.592   3.297   3.263   0.615   0.661   0.671   0.330
 51  1.107009  0.107400  3.781900  0.20796E+04   5.138   5.136   4.536   4.206   3.887   3.522   3.235   3.200   0.600   0.649   0.652   0.321
 52  1.120421  0.134800  3.784800  0.19515E+04   5.044   5.052   4.463   4.139   3.824   3.467   3.186   3.151   0.588   0.639   0.638   0.315
 53  1.136715  0.167400  3.788300  0.42467E+04   4.932   4.952   4.377   4.059   3.750   3.402   3.129   3.094   0.574   0.627   0.621   0.308
 54  1.187295  0.262950  3.798250  0.57993E+04   4.611   4.662   4.127   3.827   3.534   3.211   2.961   2.925   0.535   0.593   0.573   0.286
 55  1.237875  0.358500  3.808200  0.67349E+04   4.303   4.376   3.879   3.596   3.319   3.021   2.791   2.757   0.498   0.560   0.528   0.264
 56  1.316876  0.487900  3.821700  0.71009E+04   3.901   3.993   3.545   3.286   3.031   2.765   2.562   2.530   0.448   0.514   0.469   0.235
 57  1.395878  0.617300  3.835200  0.49101E+04   3.516   3.615   3.213   2.978   2.747   2.511   2.333   2.304   0.402   0.466   0.413   0.207
 58  1.442163  0.687000  3.842700  0.37342E+04   3.315   3.413   3.034   2.814   2.595   2.376   2.213   2.184   0.378   0.439   0.383   0.192
 59  1.498752  0.766300  3.852200  0.30713E+04   3.088   3.180   2.831   2.628   2.427   2.228   2.081   2.054   0.349   0.404   0.346   0.174
 60  1.534784  0.817200  3.857900  0.27829E+04   2.946   3.033   2.701   2.510   2.319   2.132   1.995   1.969   0.332   0.382   0.324   0.163
 61  1.587493  0.888500  3.866000  0.32259E+04   2.761   2.819   2.516   2.344   2.173   2.000   1.877   1.854   0.304   0.343   0.296   0.145
 62  1.646149  0.965200  3.873800  0.18194E+04   2.571   2.590   2.316   2.167   2.016   1.855   1.745   1.727   0.274   0.300   0.271   0.128
 63  1.655891  0.977800  3.874900  0.51016E+03   2.540   2.554   2.284   2.137   1.990   1.830   1.723   1.705   0.270   0.294   0.268   0.125
 64  1.665596  0.990200  3.876000  0.49314E+03   2.508   2.518   2.252   2.108   1.963   1.806   1.700   1.683   0.266   0.288   0.264   0.123
 65  1.674949  1.002300  3.877000  0.49111E+03   2.477   2.484   2.221   2.080   1.937   1.781   1.677   1.660   0.263   0.284   0.260   0.121
 66  1.684827  1.014800  3.878000  0.49928E+03   2.445   2.449   2.189   2.050   1.910   1.756   1.653   1.637   0.260   0.279   0.257   0.119
 67  1.694772  1.027300  3.879000  0.49677E+03   2.413   2.414   2.158   2.021   1.883   1.730   1.630   1.613   0.257   0.275   0.253   0.117
 68  1.704825  1.039900  3.879900  0.49219E+03   2.381   2.379   2.125   1.991   1.855   1.704   1.605   1.589   0.254   0.271   0.250   0.115
 69  1.714863  1.052500  3.880700  0.49059E+03   2.349   2.345   2.093   1.961   1.827   1.677   1.580   1.564   0.251   0.267   0.247   0.113
 70  1.725129  1.065100  3.881600  0.48198E+03   2.317   2.310   2.061   1.931   1.799   1.651   1.555   1.540   0.248   0.263   0.244   0.111
 71  1.735092  1.077500  3.882300  0.47190E+03   2.286   2.276   2.030   1.901   1.771   1.624   1.530   1.514   0.246   0.259   0.241   0.110
 72  1.745205  1.089800  3.883000  0.46088E+03   2.256   2.242   1.999   1.872   1.743   1.598   1.504   1.489   0.243   0.256   0.239   0.108
 73  1.754969  1.101900  3.883700  0.44641E+03   2.225   2.209   1.968   1.843   1.716   1.572   1.480   1.465   0.241   0.252   0.236   0.107
 74  1.764712  1.113700  3.884200  0.43454E+03   2.196   2.177   1.938   1.814   1.689   1.545   1.454   1.439   0.239   0.249   0.234   0.106
 75  1.774206  1.125300  3.884600  0.42783E+03   2.168   2.146   1.909   1.786   1.661   1.519   1.428   1.414   0.237   0.247   0.233   0.105
 76  1.783892  1.137000  3.884900  0.43126E+03   2.139   2.115   1.879   1.757   1.634   1.492   1.402   1.387   0.236   0.245   0.232   0.104
 77  1.793789  1.149100  3.885200  0.43952E+03   2.109   2.082   1.848   1.727   1.605   1.463   1.374   1.360   0.234   0.243   0.231   0.103
 78  1.804111  1.161600  3.885500  0.45593E+03   2.079   2.049   1.816   1.696   1.575   1.434   1.346   1.331   0.233   0.241   0.230   0.103
 79  1.815048  1.174900  3.885800  0.45568E+03   2.046   2.014   1.782   1.664   1.544   1.403   1.315   1.301   0.231   0.239   0.229   0.102
 80  1.825662  1.188100  3.886000  0.45113E+03   2.014   1.979   1.749   1.631   1.512   1.371   1.284   1.270   0.230   0.237   0.228   0.101
 81  1.836678  1.201600  3.886100  0.45193E+03   1.982   1.943   1.714   1.597   1.479   1.338   1.252   1.238   0.229   0.235   0.227   0.101
 82  1.847639  1.215200  3.886100  0.44421E+03   1.948   1.908   1.680   1.563   1.445   1.304   1.218   1.204   0.228   0.235   0.227   0.101
 83  1.858584  1.228700  3.886100  0.43375E+03   1.915   1.873   1.646   1.530   1.412   1.271   1.184   1.170   0.227   0.234   0.227   0.101
 84  1.869328  1.241900  3.885900  0.41994E+03   1.883   1.839   1.612   1.496   1.378   1.237   1.150   1.136   0.227   0.234   0.228   0.101
 85  1.879869  1.254800  3.885600  0.40489E+03   1.852   1.806   1.580   1.463   1.345   1.203   1.116   1.101   0.226   0.235   0.229   0.102
 86  1.890123  1.267200  3.885100  0.38954E+03   1.822   1.775   1.548   1.431   1.312   1.169   1.081   1.067   0.227   0.236   0.231   0.102
 87  1.900133  1.279200  3.884500  0.37589E+03   1.793   1.745   1.518   1.400   1.280   1.136   1.047   1.032   0.228   0.238   0.233   0.104
 88  1.909921  1.290900  3.883800  0.36444E+03   1.765   1.717   1.488   1.369   1.248   1.102   1.013   0.997   0.229   0.240   0.235   0.105
 89  1.919561  1.302300  3.882900  0.35386E+03   1.739   1.690   1.459   1.339   1.216   1.069   0.978   0.962   0.230   0.243   0.238   0.106
 90  1.929010  1.313500  3.881900  0.34502E+03   1.713   1.663   1.431   1.308   1.184   1.035   0.943   0.927   0.233   0.247   0.242   0.108
 91  1.938389  1.324400  3.880800  0.33635E+03   1.688   1.638   1.403   1.279   1.153   1.001   0.907   0.891   0.235   0.250   0.245   0.110
 92  1.947575  1.335000  3.879600  0.27005E+03   1.664   1.614   1.376   1.250   1.121   0.968   0.872   0.855   0.238   0.254   0.249   0.112
 93  1.953461  1.341800  3.878700  0.20877E+03   1.649   1.599   1.358   1.231   1.101   0.946   0.849   0.832   0.240   0.258   0.252   0.114
 94  1.959310  1.348500  3.877800  0.20690E+03   1.634   1.584   1.341   1.212   1.081   0.924   0.825   0.808   0.243   0.261   0.255   0.116
 95  1.965173  1.355100  3.876800  0.20495E+03   1.620   1.570   1.325   1.193   1.060   0.901   0.802   0.784   0.246   0.264   0.259   0.117
 96  1.970993  1.361600  3.875700  0.20154E+03   1.606   1.557   1.308   1.175   1.040   0.879   0.777   0.760   0.249   0.268   0.262   0.119
 97  1.976742  1.368100  3.874600  0.19871E+03   1.591   1.544   1.292   1.156   1.019   0.856   0.753   0.735   0.252   0.273   0.266   0.121
 98  1.982478  1.374500  3.873400  0.19652E+03   1.576   1.532   1.276   1.138   0.998   0.833   0.728   0.709   0.256   0.278   0.270   0.124
 99  1.988178  1.380800  3.872100  0.19460E+03   1.562   1.521   1.261   1.119   0.976   0.809   0.702   0.683   0.260   0.285   0.274   0.126
100  1.993879  1.387000  3.870700  0.19189E+03   1.548   1.510   1.246   1.101   0.954   0.785   0.676   0.656   0.265   0.291   0.279   0.129
101  1.999496  1.393100  3.869300  0.18825E+03   1.534   1.500   1.231   1.083   0.933   0.761   0.650   0.630   0.269   0.298   0.283   0.132
102  2.005056  1.399200  3.867800  0.18579E+03   1.521   1.490   1.216   1.064   0.912   0.737   0.624   0.602   0.274   0.304   0.288   0.135
103  2.010599  1.405200  3.866300  0.18341E+03   1.508   1.480   1.202   1.047   0.891   0.714   0.597   0.576   0.279   0.311   0.293   0.138
104  2.016088  1.411100  3.864700  0.18115E+03   1.496   1.471   1.188   1.029   0.869   0.690   0.571   0.549   0.283   0.318   0.299   0.141
105  2.021565  1.416800  3.863000  0.17885E+03   1.485   1.463   1.174   1.012   0.849   0.666   0.544   0.521   0.289   0.326   0.304   0.144
106  2.026984  1.422500  3.861200  0.17562E+03   1.474   1.455   1.161   0.994   0.828   0.641   0.517   0.493   0.294   0.333   0.311   0.148
107  2.032332  1.428100  3.859400  0.17220E+03   1.464   1.448   1.148   0.977   0.807   0.617   0.490   0.466   0.300   0.341   0.317   0.151
108  2.037607  1.433700  3.857500  0.16952E+03   1.454   1.441   1.135   0.960   0.785   0.592   0.462   0.437   0.307   0.350   0.323   0.155
109  2.042853  1.439100  3.855600  0.16702E+03   1.444   1.436   1.122   0.943   0.764   0.567   0.434   0.408   0.313   0.359   0.329   0.159
110  2.048036  1.444500  3.853600  0.16415E+03   1.434   1.431   1.111   0.926   0.742   0.542   0.406   0.379   0.321   0.369   0.336   0.163
111  2.053164  1.449900  3.851600  0.16171E+03   1.425   1.427   1.099   0.909   0.720   0.517   0.378   0.350   0.328   0.379   0.342   0.167
112  2.058254  1.455300  3.849600  0.16001E+03   1.415   1.423   1.087   0.893   0.699   0.492   0.350   0.321   0.336   0.389   0.349   0.172
113  2.063333  1.460700  3.847600  0.15863E+03   1.404   1.420   1.076   0.876   0.677   0.468   0.322   0.292   0.344   0.399   0.355   0.176
114  2.068394  1.466300  3.845600  0.15702E+03   1.394   1.416   1.065   0.859   0.655   0.442   0.294   0.262   0.351   0.410   0.361   0.180
115  2.073428  1.472100  3.843800  0.15486E+03   1.385   1.409   1.051   0.842   0.634   0.418   0.267   0.234   0.358   0.417   0.368   0.184
116  2.078407  1.478300  3.842200  0.15019E+03   1.376   1.399   1.037   0.824   0.614   0.394   0.240   0.207   0.363   0.423   0.374   0.187
117  2.083194  1.484900  3.841000  0.18853E+03   1.364   1.387   1.021   0.806   0.593   0.371   0.215   0.182   0.367   0.427   0.378   0.189
118  2.090733  1.498300  3.840900  0.15154E+03   1.332   1.353   0.987   0.772   0.559   0.337   0.181   0.148   0.367   0.427   0.378   0.189
119  2.093186  1.504200  3.841800  0.65109E+02   1.314   1.335   0.971   0.758   0.547   0.327   0.173   0.140   0.363   0.424   0.375   0.187
120  2.095038  1.509600  3.843100  0.53401E+02   1.296   1.316   0.957   0.747   0.538   0.321   0.168   0.136   0.359   0.419   0.370   0.185
121  2.096724  1.515700  3.845000  0.40270E+02   1.274   1.293   0.941   0.734   0.529   0.316   0.167   0.135   0.353   0.411   0.362   0.181
122  2.097711  1.520100  3.846700  0.25957E+02   1.261   1.272   0.927   0.725   0.525   0.314   0.168   0.137   0.345   0.402   0.357   0.177
123  2.098449  1.523900  3.848300  0.22147E+02   1.249   1.254   0.915   0.718   0.522   0.314   0.170   0.140   0.339   0.393   0.352   0.173
124  2.099184  1.528300  3.850200  0.18342E+02   1.236   1.232   0.901   0.710   0.519   0.314   0.173   0.144   0.331   0.382   0.346   0.169
125  2.099670  1.531500  3.851600  0.14548E+02   1.227   1.216   0.892   0.704   0.517   0.314   0.176   0.148   0.325   0.374   0.342   0.166
126  2.100153  1.535200  3.853400  0.10820E+02   1.216   1.197   0.880   0.698   0.516   0.315   0.180   0.153   0.317   0.364   0.336   0.162
127  2.100391  1.537400  3.854500  0.71110E+01   1.209   1.186   0.873   0.694   0.515   0.316   0.182   0.156   0.313   0.358   0.333   0.160
128  2.100627  1.539600  3.855600  0.70519E+01   1.202   1.174   0.866   0.691   0.515   0.317   0.185   0.160   0.308   0.352   0.329   0.157
129  2.100861  1.541900  3.856700  0.69750E+01   1.195   1.163   0.859   0.687   0.514   0.318   0.188   0.163   0.303   0.346   0.326   0.155
130  2.101092  1.544600  3.858100  0.68660E+01   1.187   1.149   0.851   0.682   0.513   0.320   0.192   0.168   0.298   0.338   0.322   0.152
131  2.101319  1.547300  3.859500  0.67427E+01   1.179   1.135   0.843   0.678   0.513   0.321   0.196   0.173   0.292   0.330   0.317   0.149
132  2.101542  1.550300  3.861000  0.66053E+01   1.169   1.121   0.834   0.673   0.512   0.323   0.199   0.177   0.286   0.323   0.312   0.146
133  2.101760  1.553400  3.862700  0.64251E+01   1.158   1.107   0.826   0.668   0.510   0.324   0.204   0.182   0.281   0.316   0.306   0.142
134  2.101971  1.556900  3.864500  0.62022E+01   1.146   1.091   0.816   0.663   0.508   0.326   0.209   0.187   0.275   0.308   0.299   0.139
135  2.102174  1.560700  3.866500  0.59473E+01   1.132   1.074   0.805   0.656   0.506   0.328   0.214   0.193   0.269   0.299   0.292   0.135
136  2.102368  1.564700  3.868600  0.56427E+01   1.119   1.056   0.794   0.650   0.505   0.330   0.220   0.199   0.262   0.290   0.285   0.131
137  2.102551  1.569100  3.870900  0.52669E+01   1.104   1.037   0.783   0.643   0.503   0.333   0.226   0.206   0.255   0.280   0.277   0.126
138  2.102720  1.573800  3.873300  0.48199E+01   1.088   1.017   0.770   0.636   0.501   0.335   0.233   0.214   0.247   0.269   0.268   0.121
139  2.102873  1.578800  3.875800  0.43696E+01   1.072   0.995   0.757   0.629   0.499   0.338   0.240   0.221   0.238   0.258   0.259   0.117
140  2.103012  1.584100  3.878300  0.39338E+01   1.054   0.972   0.744   0.621   0.496   0.339   0.245   0.227   0.228   0.248   0.251   0.113
141  2.103136  1.589700  3.881000  0.34697E+01   1.035   0.948   0.731   0.614   0.493   0.341   0.251   0.233   0.218   0.238   0.242   0.108
142  2.103244  1.595500  3.883600  0.30343E+01   1.015   0.925   0.717   0.606   0.490   0.343   0.256   0.239   0.208   0.227   0.233   0.104
143  2.103339  1.601400  3.886300  0.26775E+01   0.996   0.901   0.703   0.598   0.487   0.345   0.262   0.245   0.197   0.216   0.224   0.099
144  2.103423  1.607500  3.888900  0.23635E+01   0.977   0.877   0.689   0.589   0.483   0.346   0.268   0.251   0.187   0.206   0.216   0.095
145  2.103497  1.613700  3.891500  0.20781E+01   0.956   0.855   0.675   0.579   0.478   0.345   0.271   0.255   0.180   0.197   0.207   0.091
146  2.103562  1.620000  3.894000  0.18534E+01   0.935   0.834   0.660   0.569   0.472   0.344   0.274   0.258   0.174   0.188   0.199   0.086
147  2.103621  1.626300  3.896500  0.16715E+01   0.914   0.813   0.645   0.559   0.467   0.343   0.276   0.261   0.168   0.179   0.190   0.082
148  2.103674  1.632700  3.898900  0.15538E+01   0.894   0.793   0.631   0.548   0.460   0.342   0.278   0.264   0.162   0.170   0.182   0.078
149  2.103725  1.639200  3.901300  0.40376E+01   0.873   0.772   0.616   0.538   0.454   0.340   0.280   0.266   0.156   0.162   0.174   0.074
150  2.103944  1.625000  3.901200  0.35272E+01   0.909   0.809   0.652   0.573   0.489   0.374   0.314   0.300   0.157   0.163   0.175   0.074
151  2.103961  1.618200  3.899600  0.49165E+00   0.929   0.830   0.668   0.586   0.499   0.382   0.319   0.305   0.162   0.169   0.180   0.077
152  2.103977  1.611500  3.897900  0.49165E+00   0.948   0.850   0.684   0.599   0.509   0.388   0.323   0.309   0.166   0.175   0.186   0.080
153  2.103994  1.604900  3.896000  0.53795E+00   0.968   0.870   0.699   0.611   0.518   0.393   0.325   0.310   0.171   0.182   0.192   0.083
154  2.104013  1.598300  3.893700  0.64481E+00   0.989   0.892   0.715   0.623   0.525   0.396   0.325   0.310   0.177   0.190   0.200   0.087
155  2.104037  1.591700  3.890900  0.94048E+00   1.012   0.914   0.730   0.633   0.530   0.397   0.321   0.305   0.184   0.200   0.209   0.092
156  2.104076  1.586400  3.886500  0.14926E+01   1.033   0.939   0.741   0.636   0.525   0.383   0.301   0.284   0.198   0.216   0.224   0.099
157  2.104137  1.588900  3.880900  0.16136E+01   1.037   0.951   0.733   0.616   0.495   0.343   0.252   0.234   0.218   0.238   0.242   0.108
158  2.104184  1.597900  3.877100  0.17952E+01   1.022   0.941   0.709   0.584   0.457   0.298   0.202   0.183   0.232   0.252   0.255   0.114
159  2.104257  1.605900  3.872300  0.25572E+01   1.012   0.937   0.689   0.554   0.417   0.249   0.146   0.126   0.248   0.272   0.271   0.123
160  2.104355  1.613100  3.866800  0.34935E+01   1.006   0.936   0.672   0.525   0.378   0.199   0.087   0.066   0.264   0.294   0.291   0.133
161  2.104491  1.618400  3.860200  0.45398E+01   1.009   0.944   0.660   0.501   0.341   0.149   0.026   0.004   0.284   0.319   0.316   0.146
162  2.104659  1.621700  3.853300  0.53897E+01   1.008   0.973   0.660   0.480   0.301   0.099  -0.035  -0.062   0.313   0.359   0.336   0.161
163  2.104852  1.623200  3.846500  0.59687E+01   1.011   1.007   0.665   0.466   0.268   0.056  -0.089  -0.120   0.342   0.398   0.357   0.176
164  2.105059  1.623400  3.840200  0.63125E+01   1.032   1.033   0.669   0.456   0.245   0.021  -0.135  -0.168   0.364   0.424   0.380   0.189
165  2.105275  1.622700  3.834300  0.65066E+01   1.056   1.060   0.676   0.450   0.228  -0.008  -0.174  -0.209   0.384   0.447   0.403   0.201
166  2.105495  1.621400  3.828700  0.66260E+01   1.081   1.088   0.684   0.447   0.214  -0.034  -0.210  -0.246   0.404   0.470   0.424   0.212
167  2.105719  1.619700  3.823400  0.67274E+01   1.113   1.115   0.692   0.445   0.202  -0.058  -0.243  -0.281   0.423   0.490   0.446   0.223
168  2.105946  1.617600  3.818500  0.67826E+01   1.144   1.142   0.702   0.445   0.194  -0.078  -0.272  -0.311   0.441   0.508   0.466   0.233
169  2.106174  1.615100  3.813800  0.67951E+01   1.176   1.170   0.713   0.447   0.188  -0.095  -0.298  -0.338   0.458   0.525   0.486   0.243
170  2.106402  1.612300  3.809300  0.67969E+01   1.212   1.199   0.724   0.450   0.182  -0.111  -0.323  -0.363   0.475   0.541   0.506   0.252
171  2.106630  1.609100  3.805100  0.67810E+01   1.248   1.228   0.736   0.455   0.180  -0.124  -0.345  -0.384   0.492   0.557   0.524   0.261
172  2.106857  1.605500  3.801200  0.67296E+01   1.283   1.257   0.750   0.461   0.179  -0.134  -0.363  -0.403   0.507   0.571   0.542   0.269
173  2.107082  1.601500  3.797700  0.66391E+01   1.317   1.285   0.764   0.469   0.181  -0.140  -0.377  -0.416   0.521   0.584   0.558   0.276
174  2.107303  1.597100  3.794300  0.64919E+01   1.354   1.314   0.780   0.477   0.184  -0.146  -0.390  -0.429   0.535   0.596   0.574   0.284
175  2.107518  1.592200  3.791000  0.62988E+01   1.394   1.345   0.796   0.488   0.188  -0.150  -0.401  -0.441   0.549   0.608   0.589   0.291
176  2.107726  1.586900  3.787900  0.60561E+01   1.433   1.376   0.814   0.499   0.195  -0.152  -0.409  -0.450   0.562   0.619   0.604   0.298
177  2.107925  1.581200  3.784900  0.64555E+01   1.473   1.407   0.832   0.512   0.203  -0.151  -0.416  -0.457   0.575   0.630   0.618   0.305
178  2.108160  1.573600  3.781400  0.69006E+01   1.522   1.446   0.857   0.530   0.214  -0.149  -0.420  -0.462   0.590   0.642   0.635   0.314
179  2.108389  1.565000  3.778000  0.67074E+01   1.573   1.488   0.884   0.551   0.229  -0.143  -0.422  -0.464   0.604   0.654   0.651   0.322
180  2.108611  1.555500  3.774600  0.64967E+01   1.631   1.533   0.913   0.574   0.247  -0.135  -0.422  -0.465   0.620   0.667   0.669   0.330
181  2.108826  1.545000  3.771300  0.62400E+01   1.691   1.580   0.945   0.600   0.267  -0.124  -0.419  -0.462   0.634   0.679   0.686   0.338
182  2.109031  1.533500  3.768100  0.59587E+01   1.753   1.629   0.980   0.628   0.290  -0.110  -0.412  -0.456   0.649   0.690   0.702   0.346
183  2.109227  1.521200  3.764900  0.56740E+01   1.817   1.680   1.017   0.659   0.316  -0.094  -0.403  -0.448   0.663   0.702   0.719   0.354
184  2.109413  1.507900  3.761800  0.53789E+01   1.882   1.733   1.057   0.693   0.344  -0.074  -0.391  -0.436   0.676   0.713   0.735   0.362
185  2.109589  1.494000  3.758800  0.51088E+01   1.950   1.788   1.098   0.728   0.374  -0.052  -0.377  -0.422   0.690   0.724   0.751   0.369
186  2.109757  1.479500  3.755900  0.48672E+01   2.021   1.844   1.141   0.765   0.407  -0.029  -0.361  -0.406   0.703   0.734   0.767   0.377
187  2.109917  1.464400  3.753000  0.46929E+01   2.094   1.902   1.185   0.804   0.440  -0.004  -0.343  -0.389   0.716   0.745   0.783   0.385
188  2.110073  1.449000  3.750200  0.45434E+01   2.167   1.960   1.230   0.844   0.476   0.022  -0.323  -0.370   0.729   0.755   0.799   0.392
189  2.110223  1.433200  3.747400  0.44507E+01   2.241   2.019   1.277   0.885   0.512   0.049  -0.303  -0.350   0.742   0.765   0.815   0.400
190  2.110373  1.417100  3.744700  0.44358E+01   2.314   2.078   1.324   0.927   0.549   0.078  -0.281  -0.328   0.754   0.775   0.830   0.407
191  2.110522  1.400700  3.741700  0.45836E+01   2.392   2.140   1.373   0.970   0.587   0.107  -0.259  -0.308   0.768   0.785   0.847   0.415
192  2.110682  1.384500  3.738700  0.48339E+01   2.473   2.203   1.422   1.012   0.625   0.135  -0.239  -0.288   0.781   0.796   0.864   0.423
193  2.110848  1.368400  3.735400  0.52643E+01   2.559   2.268   1.472   1.056   0.663   0.161  -0.222  -0.271   0.796   0.809   0.884   0.432
194  2.111037  1.354000  3.731900  0.59772E+01   2.645   2.330   1.518   1.095   0.696   0.183  -0.209  -0.259   0.812   0.822   0.906   0.442
195  2.111251  1.343500  3.728000  0.67144E+01   2.727   2.386   1.557   1.125   0.720   0.193  -0.209  -0.259   0.830   0.836   0.929   0.453
196  2.111490  1.340000  3.723800  0.69634E+01   2.796   2.428   1.579   1.139   0.727   0.186  -0.227  -0.279   0.849   0.852   0.955   0.464
197  2.111721  1.344400  3.720100  0.64883E+01   2.839   2.446   1.580   1.133   0.715   0.160  -0.262  -0.314   0.866   0.866   0.977   0.474
198  2.111928  1.353800  3.717000  0.58653E+01   2.865   2.448   1.568   1.114   0.690   0.125  -0.307  -0.359   0.880   0.878   0.997   0.484
199  2.112117  1.365500  3.714500  0.54793E+01   2.876   2.440   1.548   1.088   0.660   0.086  -0.353  -0.406   0.892   0.888   1.014   0.492
200  2.112298  1.378700  3.712300  0.52699E+01   2.879   2.426   1.524   1.059   0.627   0.044  -0.401  -0.454   0.902   0.897   1.028   0.498
201  2.112473  1.393100  3.710300  0.51066E+01   2.876   2.407   1.495   1.026   0.591   0.001  -0.451  -0.503   0.911   0.905   1.041   0.504
202  2.112643  1.407900  3.708600  0.49433E+01   2.867   2.384   1.465   0.992   0.554  -0.042  -0.499  -0.552   0.919   0.911   1.053   0.509
203  2.112807  1.423100  3.707000  0.47942E+01   2.856   2.360   1.433   0.957   0.516  -0.086  -0.547  -0.600   0.927   0.918   1.063   0.514
204  2.112967  1.438400  3.705500  0.47052E+01   2.843   2.335   1.401   0.922   0.477  -0.130  -0.596  -0.648   0.934   0.924   1.073   0.518
205  2.113125  1.454000  3.704200  0.46444E+01   2.827   2.308   1.367   0.885   0.439  -0.174  -0.643  -0.696   0.941   0.929   1.082   0.522
206  2.113281  1.469700  3.702900  0.45978E+01   2.810   2.280   1.333   0.848   0.399  -0.218  -0.691  -0.743   0.947   0.934   1.090   0.526
207  2.113436  1.485300  3.701600  0.45688E+01   2.793   2.253   1.300   0.812   0.361  -0.261  -0.738  -0.791   0.953   0.939   1.099   0.530
208  2.113590  1.501100  3.700500  0.44341E+01   2.773   2.223   1.264   0.774   0.321  -0.305  -0.785  -0.837   0.959   0.943   1.106   0.533
209  2.113736  1.517200  3.699300  0.44192E+01   2.754   2.194   1.229   0.736   0.281  -0.349  -0.832  -0.885   0.965   0.948   1.114   0.536
210  2.113889  1.533100  3.698100  0.44925E+01   2.736   2.166   1.195   0.699   0.242  -0.393  -0.880  -0.933   0.971   0.953   1.122   0.540
211  2.114040  1.548800  3.697000  0.44635E+01   2.717   2.137   1.161   0.662   0.203  -0.436  -0.927  -0.980   0.976   0.958   1.130   0.544
212  2.114191  1.564700  3.695800  0.43289E+01   2.700   2.109   1.127   0.625   0.163  -0.480  -0.975  -1.028   0.982   0.963   1.138   0.548
213  2.114333  1.580100  3.694800  0.26272E+01   2.681   2.080   1.093   0.589   0.125  -0.522  -1.020  -1.073   0.987   0.968   1.145   0.551
214  2.114369  1.583900  3.694500  0.30427E+01   2.677   2.073   1.085   0.580   0.116  -0.533  -1.031  -1.085   0.989   0.969   1.147   0.552
215  2.114539  1.601900  3.693200  0.48026E+01   2.656   2.041   1.046   0.538   0.071  -0.583  -1.085  -1.139   0.995   0.975   1.156   0.556
216  2.114694  1.618400  3.692100  0.48440E+01   2.636   2.011   1.010   0.499   0.030  -0.628  -1.134  -1.188   1.001   0.980   1.164   0.560
217  2.114867  1.637200  3.690800  0.47234E+01   2.614   1.977   0.969   0.455  -0.016  -0.679  -1.189  -1.244   1.007   0.986   1.173   0.565
218  2.115014  1.653000  3.689700  0.46206E+01   2.596   1.948   0.935   0.419  -0.055  -0.722  -1.236  -1.291   1.013   0.990   1.180   0.568
219  2.115180  1.671300  3.688500  0.45142E+01   2.574   1.914   0.895   0.376  -0.100  -0.772  -1.289  -1.344   1.019   0.996   1.189   0.572
220  2.115320  1.686200  3.687500  0.41617E+01   2.556   1.887   0.863   0.341  -0.137  -0.813  -1.333  -1.388   1.024   1.000   1.196   0.576
221  2.115462  1.702100  3.686400  0.51776E+01   2.538   1.858   0.828   0.304  -0.176  -0.856  -1.380  -1.435   1.030   1.005   1.203   0.579
222  2.115671  1.724400  3.685000  0.50427E+01   2.510   1.817   0.780   0.252  -0.231  -0.917  -1.444  -1.500   1.037   1.011   1.213   0.584
223  2.115804  1.738700  3.684100  0.49260E+01   2.492   1.790   0.748   0.219  -0.266  -0.955  -1.486  -1.542   1.042   1.015   1.220   0.587
224  2.116005  1.759800  3.682700  0.47913E+01   2.467   1.752   0.702   0.170  -0.318  -1.013  -1.548  -1.604   1.049   1.021   1.229   0.591
225  2.116129  1.773300  3.681800  0.44813E+01   2.451   1.727   0.673   0.138  -0.351  -1.049  -1.587  -1.644   1.054   1.024   1.236   0.594
226  2.116309  1.792600  3.680600  0.54398E+01   2.427   1.692   0.631   0.093  -0.398  -1.101  -1.643  -1.700   1.060   1.030   1.244   0.598
227  2.116498  1.812400  3.679300  0.51294E+01   2.404   1.655   0.588   0.047  -0.447  -1.155  -1.700  -1.758   1.067   1.035   1.253   0.602
228  2.116657  1.829400  3.678200  0.48756E+01   2.384   1.624   0.551   0.008  -0.488  -1.201  -1.750  -1.807   1.073   1.040   1.261   0.606
229  2.116829  1.848100  3.677000  0.47588E+01   2.362   1.590   0.511  -0.035  -0.534  -1.252  -1.804  -1.862   1.080   1.045   1.270   0.610
230  2.116980  1.864300  3.676000  0.44771E+01   2.342   1.561   0.476  -0.073  -0.574  -1.295  -1.851  -1.909   1.085   1.049   1.277   0.614
231  2.117133  1.880600  3.674900  0.53575E+01   2.325   1.532   0.442  -0.110  -0.614  -1.339  -1.899  -1.957   1.091   1.055   1.285   0.618
232  2.117344  1.903300  3.673400  0.55213E+01   2.301   1.492   0.394  -0.162  -0.669  -1.401  -1.966  -2.025   1.098   1.063   1.297   0.624
233  2.117508  1.921000  3.672200  0.47131E+01   2.283   1.462   0.357  -0.203  -0.712  -1.449  -2.018  -2.077   1.105   1.069   1.306   0.628
234  2.117664  1.938000  3.671000  0.46070E+01   2.267   1.433   0.322  -0.241  -0.753  -1.495  -2.069  -2.128   1.111   1.075   1.315   0.633
235  2.117821  1.954900  3.669900  0.46483E+01   2.250   1.403   0.286  -0.280  -0.794  -1.541  -2.118  -2.178   1.117   1.081   1.324   0.637
236  2.117980  1.972600  3.668600  0.51491E+01   2.235   1.374   0.250  -0.320  -0.837  -1.589  -2.171  -2.231   1.124   1.087   1.334   0.642
237  2.118171  1.993400  3.667100  0.48990E+01   2.216   1.340   0.207  -0.367  -0.888  -1.645  -2.233  -2.293   1.132   1.095   1.345   0.648
238  2.118313  2.009000  3.666000  0.46318E+01   2.202   1.314   0.175  -0.402  -0.925  -1.688  -2.279  -2.340   1.138   1.101   1.354   0.652
239  2.118486  2.028200  3.664700  0.47465E+01   2.184   1.281   0.135  -0.445  -0.972  -1.739  -2.335  -2.396   1.145   1.107   1.363   0.657
240  2.118636  2.045000  3.663400  0.45285E+01   2.172   1.254   0.102  -0.483  -1.012  -1.785  -2.385  -2.447   1.152   1.114   1.373   0.662
241  2.118794  2.062700  3.662200  0.45417E+01   2.155   1.224   0.065  -0.523  -1.055  -1.833  -2.437  -2.499   1.159   1.120   1.383   0.666
242  2.118945  2.080000  3.660900  0.46145E+01   2.141   1.196   0.030  -0.561  -1.096  -1.880  -2.489  -2.551   1.166   1.126   1.393   0.671
243  2.119108  2.098500  3.659500  0.44105E+01   2.127   1.166  -0.007  -0.602  -1.140  -1.930  -2.544  -2.606   1.174   1.133   1.403   0.676
244  2.119245  2.114300  3.658400  0.44799E+01   2.113   1.140  -0.040  -0.638  -1.178  -1.972  -2.590  -2.653   1.180   1.138   1.412   0.681
245  2.119413  2.133700  3.657000  0.45070E+01   2.097   1.108  -0.079  -0.681  -1.224  -2.024  -2.647  -2.710   1.187   1.145   1.423   0.686
246  2.119552  2.149800  3.655700  0.41422E+01   2.087   1.083  -0.111  -0.716  -1.263  -2.068  -2.695  -2.759   1.194   1.151   1.433   0.691
247  2.119695  2.166800  3.654500  0.41730E+01   2.073   1.055  -0.146  -0.754  -1.303  -2.114  -2.745  -2.809   1.201   1.157   1.442   0.695
248  2.119836  2.183400  3.653200  0.42599E+01   2.062   1.029  -0.179  -0.790  -1.342  -2.159  -2.794  -2.859   1.208   1.163   1.452   0.700
249  2.119985  2.201000  3.651900  0.39477E+01   2.051   1.002  -0.213  -0.829  -1.384  -2.206  -2.847  -2.912   1.216   1.171   1.463   0.706
250  2.120105  2.215100  3.650900  0.39472E+01   2.041   0.980  -0.241  -0.860  -1.418  -2.244  -2.889  -2.954   1.221   1.177   1.471   0.710
251  2.120254  2.233100  3.649500  0.39186E+01   2.032   0.954  -0.275  -0.899  -1.461  -2.293  -2.943  -3.008   1.229   1.185   1.482   0.716
252  2.120372  2.247400  3.648400  0.34913E+01   2.025   0.932  -0.303  -0.930  -1.494  -2.331  -2.986  -3.052   1.235   1.192   1.491   0.721
253  2.120492  2.261800  3.647300  0.34628E+01   2.017   0.911  -0.330  -0.961  -1.528  -2.370  -3.029  -3.095   1.241   1.198   1.500   0.725
254  2.120608  2.276100  3.646300  0.35358E+01   2.007   0.889  -0.358  -0.992  -1.562  -2.408  -3.071  -3.138   1.247   1.204   1.509   0.730
255  2.120733  2.291400  3.645100  0.36787E+01   2.000   0.866  -0.387  -1.025  -1.598  -2.449  -3.117  -3.184   1.253   1.211   1.518   0.735
256  2.120859  2.306800  3.643900  0.36502E+01   1.993   0.844  -0.416  -1.058  -1.635  -2.491  -3.163  -3.231   1.260   1.218   1.528   0.740
257  2.120982  2.321800  3.642700  0.36078E+01   1.987   0.823  -0.444  -1.090  -1.670  -2.531  -3.208  -3.276   1.267   1.225   1.538   0.745
258  2.121105  2.336500  3.641400  0.30795E+01   1.985   0.804  -0.471  -1.120  -1.704  -2.571  -3.253  -3.321   1.274   1.233   1.549   0.751
259  2.121192  2.346800  3.640500  0.32399E+01   1.983   0.790  -0.489  -1.142  -1.728  -2.599  -3.284  -3.353   1.280   1.239   1.556   0.755
260  2.121326  2.362600  3.639200  0.37392E+01   1.978   0.769  -0.518  -1.175  -1.765  -2.641  -3.332  -3.401   1.287   1.246   1.567   0.760
261  2.121447  2.377400  3.638100  0.30783E+01   1.971   0.747  -0.547  -1.207  -1.799  -2.681  -3.375  -3.445   1.294   1.253   1.576   0.765
262  2.121536  2.388900  3.637200  0.31793E+01   1.967   0.731  -0.568  -1.231  -1.826  -2.711  -3.409  -3.480   1.299   1.258   1.584   0.769
263  2.121664  2.403600  3.635900  0.31649E+01   1.965   0.712  -0.594  -1.262  -1.860  -2.751  -3.454  -3.525   1.306   1.266   1.594   0.774
264  2.121752  2.413400  3.635000  0.53476E+01   1.964   0.700  -0.611  -1.282  -1.882  -2.777  -3.484  -3.555   1.311   1.271   1.602   0.778
265  2.122029  2.427200  3.634100  0.40575E+01   1.955   0.678  -0.639  -1.312  -1.915  -2.814  -3.524  -3.595   1.317   1.276   1.609   0.782
266  2.017223  3.042253  3.558697  0.23976E+01   2.286   0.613  -1.019  -2.015  -3.153  -4.496  -5.470  -5.612   1.632   2.134   2.317   1.116
267  2.017223  3.136556  3.558697  0.50946E+01   2.066   0.375  -1.265  -2.260  -3.392  -4.731  -5.702  -5.846   1.640   2.128   2.310   1.115
268  2.017223  3.230860  3.558697  0.22683E-02   1.847   0.138  -1.509  -2.505  -3.631  -4.966  -5.934  -6.080   1.648   2.122   2.303   1.113
269  2.017223  2.947950  3.567290  0.19326E+01   2.469   0.598  -1.048  -1.959  -2.934  -4.235  -5.217  -5.336   1.647   1.885   2.283   1.101
270  2.017223  3.042253  3.567290  0.18373E+01   2.270   0.374  -1.285  -2.200  -3.174  -4.471  -5.450  -5.570   1.658   1.890   2.275   1.099
271  2.017223  2.853647  3.575883  0.20483E+01   2.563   0.587  -1.049  -1.895  -2.725  -3.973  -4.945  -5.048   1.637   1.675   2.220   1.075
272  2.017223  2.947950  3.575883  0.24815E+01   2.378   0.365  -1.284  -2.133  -2.962  -4.208  -5.181  -5.285   1.650   1.678   2.220   1.076
273  2.017223  2.759343  3.584477  0.26403E+01   2.529   0.656  -0.930  -1.752  -2.542  -3.729  -4.660  -4.757   1.586   1.612   2.118   1.028
274  2.017223  2.853647  3.584477  0.32572E+01   2.341   0.433  -1.164  -1.989  -2.778  -3.965  -4.896  -4.994   1.598   1.614   2.119   1.029
275  2.017223  2.665040  3.593071  0.43460E+01   2.503   0.729  -0.808  -1.608  -2.357  -3.480  -4.371  -4.463   1.537   1.550   2.014   0.983
276  2.017223  2.759343  3.593071  0.47112E+01   2.312   0.506  -1.042  -1.844  -2.593  -3.717  -4.608  -4.700   1.548   1.551   2.015   0.983
277  2.017223  2.570736  3.601664  0.54552E+01   2.489   0.809  -0.682  -1.464  -2.171  -3.226  -4.079  -4.166   1.491   1.490   1.908   0.940
278  2.017223  2.665040  3.601664  0.81409E+01   2.292   0.584  -0.917  -1.700  -2.407  -3.463  -4.315  -4.402   1.501   1.490   1.909   0.939
279  2.017223  2.476433  3.610257  0.70634E+01   2.466   0.906  -0.534  -1.288  -1.967  -2.979  -3.794  -3.877   1.440   1.432   1.827   0.898
280  2.017223  2.570736  3.610257  0.92115E+01   2.262   0.677  -0.771  -1.525  -2.203  -3.216  -4.029  -4.112   1.448   1.432   1.826   0.896
281  2.017223  2.382130  3.618851  0.99101E+01   2.445   1.005  -0.384  -1.109  -1.759  -2.729  -3.507  -3.585   1.389   1.375   1.747   0.857
282  2.017223  2.476433  3.618851  0.97581E+01   2.240   0.776  -0.621  -1.345  -1.995  -2.966  -3.742  -3.820   1.397   1.374   1.747   0.854
283  2.017223  2.287826  3.627444  0.14574E+02   2.427   1.106  -0.232  -0.928  -1.550  -2.475  -3.216  -3.291   1.338   1.318   1.667   0.816
284  2.017223  2.382130  3.627444  0.11226E+02   2.220   0.877  -0.469  -1.164  -1.786  -2.713  -3.452  -3.526   1.346   1.317   1.666   0.813
285  2.017223  2.193523  3.636038  0.22454E+02   2.435   1.222  -0.068  -0.736  -1.335  -2.222  -2.929  -3.000   1.290   1.267   1.594   0.778
286  2.017223  2.287826  3.636038  0.13768E+02   2.224   0.992  -0.305  -0.972  -1.571  -2.459  -3.164  -3.235   1.298   1.266   1.594   0.776
287  2.017223  2.099220  3.644631  0.77795E+02   2.454   1.344   0.100  -0.541  -1.117  -1.967  -2.640  -2.708   1.244   1.217   1.523   0.741
288  2.017223  2.193523  3.644631  0.28272E+02   2.239   1.113  -0.138  -0.777  -1.353  -2.205  -2.876  -2.943   1.250   1.215   1.523   0.739
289  2.017223  1.910613  3.653225  0.22683E-02   2.690   1.697   0.506  -0.107  -0.660  -1.473  -2.114  -2.178   1.191   1.166   1.454   0.706
290  2.017223  2.004916  3.653225  0.50378E+01   2.474   1.466   0.269  -0.343  -0.896  -1.710  -2.349  -2.413   1.197   1.165   1.453   0.704
291  2.017223  2.099220  3.653225  0.12090E+01   2.258   1.236   0.032  -0.580  -1.132  -1.947  -2.584  -2.648   1.204   1.164   1.452   0.701
292  2.017223  1.816310  3.661818  0.22683E-02   2.735   1.832   0.686   0.096  -0.437  -1.215  -1.825  -1.887   1.146   1.124   1.387   0.673
293  2.017223  1.910613  3.661818  0.59438E+02   2.517   1.601   0.449  -0.140  -0.673  -1.452  -2.060  -2.122   1.152   1.123   1.387   0.671
294  2.017223  2.004916  3.661818  0.21515E+02   2.300   1.371   0.212  -0.376  -0.909  -1.689  -2.295  -2.357   1.158   1.122   1.386   0.669
295  2.017223  1.816310  3.670412  0.58640E+02   2.567   1.739   0.631   0.066  -0.448  -1.191  -1.769  -1.828   1.108   1.079   1.321   0.637
296  2.017223  1.910613  3.670412  0.22846E+02   2.346   1.507   0.394  -0.171  -0.684  -1.428  -2.004  -2.064   1.114   1.078   1.320   0.635
297  2.017223  1.816310  3.679005  0.18512E+04   2.403   1.649   0.580   0.038  -0.457  -1.166  -1.712  -1.769   1.070   1.036   1.255   0.603
  1  0.115639 -2.769200  3.504800  0.27904E+06  17.425  16.147  14.405  13.088  11.477   9.963   8.964   8.724   1.742   2.928   2.513   1.239
  2  0.136074 -2.628000  3.504900  0.43706E+06  17.069  15.792  14.050  12.733  11.123   9.611   8.611   8.371   1.742   2.927   2.512   1.240
  3  0.162556 -2.479100  3.506700  0.32401E+06  16.641  15.372  13.644  12.340  10.744   9.244   8.243   8.006   1.727   2.900   2.501   1.238
  4  0.188899 -2.355800  3.511000  0.19655E+06  16.189  14.941  13.254  11.980  10.420   8.946   7.945   7.716   1.687   2.834   2.475   1.230
  5  0.208164 -2.274900  3.514000  0.11984E+06  15.884  14.653  12.995  11.742  10.208   8.752   7.750   7.526   1.658   2.787   2.458   1.225
  6  0.223836 -2.213800  3.516400  0.88221E+05  15.648  14.431  12.797  11.561  10.047   8.605   7.603   7.384   1.634   2.750   2.443   1.221
  7  0.238666 -2.159600  3.518600  0.76960E+05  15.435  14.232  12.619  11.399   9.904   8.476   7.474   7.258   1.613   2.716   2.430   1.218
  8  0.254774 -2.104700  3.520800  0.79227E+05  15.220  14.031  12.441  11.235   9.759   8.345   7.342   7.131   1.590   2.681   2.417   1.214
  9  0.275799 -2.038900  3.523700  0.68334E+05  14.951  13.782  12.222  11.036   9.586   8.189   7.186   6.980   1.560   2.636   2.400   1.209
 10  0.293362 -1.987200  3.526000  0.42407E+05  14.729  13.574  12.030  10.869   9.450   8.061   7.070   6.865   1.543   2.580   2.380   1.196
 11  0.303485 -1.957800  3.527300  0.23720E+05  14.596  13.446  11.906  10.765   9.374   7.985   7.010   6.802   1.540   2.532   2.364   1.182
 12  0.310133 -1.938800  3.528100  0.15453E+05  14.512  13.364  11.827  10.699   9.325   7.935   6.971   6.762   1.537   2.502   2.354   1.174
 13  0.314982 -1.925100  3.528600  0.11034E+05  14.455  13.309  11.774  10.653   9.290   7.900   6.942   6.732   1.536   2.484   2.348   1.168
 14  0.318647 -1.914700  3.529100  0.11336E+05  14.406  13.262  11.728  10.615   9.263   7.873   6.921   6.710   1.534   2.465   2.342   1.163
 15  0.323970 -1.899700  3.529700  0.13002E+05  14.341  13.199  11.667  10.564   9.224   7.834   6.890   6.678   1.532   2.443   2.335   1.156
 16  0.329365 -1.885700  3.530400  0.10729E+05  14.274  13.135  11.605  10.512   9.188   7.798   6.862   6.649   1.530   2.417   2.326   1.149
 17  0.333164 -1.876600  3.530800  0.10602E+05  14.232  13.095  11.567  10.480   9.165   7.774   6.843   6.630   1.528   2.402   2.322   1.145
 18  0.338699 -1.864100  3.531500  0.15921E+05  14.169  13.035  11.509  10.432   9.133   7.742   6.820   6.605   1.526   2.376   2.313   1.137
 19  0.347734 -1.843900  3.532600  0.53799E+05  14.067  12.938  11.416  10.355   9.081   7.689   6.781   6.564   1.522   2.335   2.300   1.125
 20  0.391075 -1.728800  3.540000  0.67561E+05  13.429  12.340  10.845   9.888   8.788   7.394   6.577   6.346   1.495   2.057   2.211   1.047
 21  0.434415 -1.613700  3.547400  0.40361E+05  12.895  11.833  10.363   9.465   8.482   7.110   6.347   6.113   1.470   1.881   2.135   0.997
 22  0.457366 -1.548900  3.552500  0.22637E+05  12.657  11.596  10.137   9.247   8.290   6.957   6.198   5.973   1.460   1.847   2.091   0.984
 23  0.476377 -1.493600  3.557100  0.17025E+05  12.451  11.392   9.941   9.059   8.124   6.828   6.073   5.855   1.451   1.817   2.052   0.973
 24  0.492095 -1.446800  3.561300  0.13431E+05  12.274  11.215   9.773   8.897   7.983   6.720   5.968   5.757   1.443   1.790   2.015   0.963
 25  0.505947 -1.405100  3.565200  0.10776E+05  12.115  11.056   9.621   8.751   7.856   6.625   5.875   5.670   1.436   1.765   1.982   0.954
 26  0.517419 -1.369900  3.568700  0.88768E+04  11.979  10.920   9.491   8.626   7.748   6.545   5.797   5.599   1.429   1.742   1.951   0.946
 27  0.527936 -1.337200  3.572200  0.83605E+04  11.849  10.790   9.367   8.507   7.647   6.472   5.726   5.534   1.423   1.720   1.921   0.938
 28  0.539132 -1.302000  3.576000  0.90365E+04  11.712  10.655   9.239   8.385   7.542   6.393   5.647   5.462   1.415   1.697   1.895   0.931
 29  0.552591 -1.259500  3.580800  0.10012E+05  11.546  10.493   9.090   8.243   7.420   6.297   5.548   5.373   1.403   1.670   1.871   0.924
 30  0.568077 -1.209900  3.586700  0.10302E+05  11.350  10.302   8.914   8.076   7.276   6.186   5.434   5.272   1.389   1.637   1.842   0.914
 31  0.584373 -1.156800  3.593200  0.97829E+04  11.138  10.096   8.724   7.895   7.123   6.069   5.313   5.165   1.373   1.601   1.810   0.904
 32  0.600333 -1.104600  3.600000  0.88282E+04  10.925   9.890   8.534   7.716   6.971   5.956   5.196   5.062   1.356   1.563   1.775   0.894
 33  0.615384 -1.055100  3.606700  0.79553E+04  10.706   9.686   8.354   7.549   6.831   5.846   5.089   4.967   1.332   1.523   1.742   0.880
 34  0.629952 -1.006700  3.613600  0.73998E+04  10.480   9.480   8.175   7.387   6.695   5.740   4.988   4.877   1.305   1.480   1.707   0.863
 35  0.644492 -0.958300  3.620600  0.69428E+04  10.252   9.274   7.996   7.225   6.559   5.635   4.889   4.788   1.277   1.437   1.670   0.846
 36  0.658767 -0.910800  3.627800  0.63580E+04  10.023   9.068   7.819   7.064   6.426   5.534   4.795   4.705   1.249   1.392   1.631   0.829
 37  0.672274 -0.865500  3.634900  0.57370E+04   9.776   8.862   7.647   6.916   6.300   5.436   4.716   4.632   1.215   1.347   1.583   0.803
 38  0.685060 -0.822600  3.641700  0.51894E+04   9.540   8.666   7.484   6.776   6.181   5.344   4.645   4.566   1.182   1.303   1.536   0.778
 39  0.697134 -0.782100  3.648300  0.37056E+04   9.313   8.479   7.330   6.645   6.069   5.259   4.579   4.506   1.150   1.261   1.490   0.754
 40  0.703556 -0.760700  3.651700  0.25074E+04   9.195   8.382   7.249   6.576   6.011   5.215   4.545   4.474   1.133   1.238   1.466   0.741
 41  0.709922 -0.739400  3.655200  0.24340E+04   9.077   8.287   7.170   6.509   5.953   5.170   4.513   4.443   1.117   1.217   1.440   0.727
 42  0.716235 -0.718200  3.658600  0.23613E+04   8.961   8.193   7.092   6.444   5.896   5.126   4.480   4.412   1.101   1.197   1.416   0.714
 43  0.722481 -0.697300  3.662100  0.22900E+04   8.844   8.100   7.015   6.379   5.840   5.082   4.450   4.382   1.085   1.176   1.390   0.700
 44  0.728666 -0.676700  3.665400  0.22230E+04   8.732   8.011   6.941   6.316   5.785   5.040   4.419   4.353   1.070   1.156   1.366   0.687
 45  0.734792 -0.656200  3.668800  0.21589E+04   8.619   7.920   6.866   6.254   5.731   4.998   4.390   4.324   1.054   1.135   1.341   0.673
 46  0.740860 -0.636000  3.672000  0.20954E+04   8.510   7.833   6.793   6.193   5.678   4.957   4.360   4.296   1.040   1.116   1.317   0.661
 47  0.746858 -0.616100  3.675200  0.20356E+04   8.402   7.747   6.722   6.134   5.626   4.917   4.332   4.269   1.025   1.096   1.294   0.648
 48  0.752806 -0.596400  3.678300  0.19804E+04   8.299   7.665   6.653   6.076   5.575   4.877   4.303   4.241   1.012   1.079   1.272   0.636
 49  0.758699 -0.576800  3.681300  0.19233E+04   8.201   7.587   6.587   6.019   5.524   4.836   4.273   4.211   1.000   1.063   1.251   0.625
 50  0.764518 -0.557500  3.684300  0.18662E+04   8.104   7.510   6.521   5.963   5.474   4.797   4.243   4.183   0.989   1.047   1.231   0.614
 51  0.770269 -0.538300  3.687200  0.18116E+04   8.010   7.434   6.457   5.907   5.425   4.758   4.214   4.155   0.977   1.032   1.211   0.603
 52  0.775949 -0.519500  3.690100  0.17575E+04   7.916   7.359   6.393   5.853   5.377   4.720   4.186   4.128   0.966   1.016   1.191   0.592
 53  0.781552 -0.500900  3.692800  0.17067E+04   7.826   7.287   6.332   5.801   5.330   4.683   4.158   4.100   0.955   1.002   1.172   0.582
 54  0.787093 -0.482700  3.695500  0.16582E+04   7.738   7.216   6.272   5.749   5.284   4.646   4.130   4.074   0.945   0.987   1.154   0.572
 55  0.792560 -0.464800  3.698100  0.16098E+04   7.651   7.147   6.213   5.699   5.239   4.610   4.103   4.048   0.934   0.973   1.136   0.562
 56  0.797955 -0.447300  3.700600  0.15633E+04   7.569   7.082   6.157   5.650   5.196   4.575   4.076   4.021   0.925   0.961   1.120   0.554
 57  0.803278 -0.430100  3.703100  0.15223E+04   7.489   7.018   6.102   5.602   5.152   4.540   4.049   3.995   0.916   0.950   1.104   0.545
 58  0.808556 -0.413300  3.705400  0.14861E+04   7.413   6.957   6.050   5.556   5.110   4.506   4.022   3.969   0.907   0.940   1.089   0.538
 59  0.813788 -0.396700  3.707700  0.14471E+04   7.337   6.896   5.998   5.510   5.069   4.473   3.995   3.943   0.898   0.929   1.074   0.530
 60  0.818946 -0.380500  3.709900  0.14043E+04   7.264   6.838   5.948   5.466   5.029   4.440   3.969   3.917   0.890   0.919   1.060   0.523
 61  0.824022 -0.364500  3.712000  0.13608E+04   7.193   6.781   5.899   5.423   4.989   4.407   3.943   3.892   0.882   0.910   1.047   0.516
 62  0.829008 -0.348800  3.714100  0.13166E+04   7.123   6.725   5.851   5.380   4.951   4.376   3.917   3.867   0.874   0.900   1.033   0.509
 63  0.833896 -0.333400  3.716100  0.12704E+04   7.055   6.670   5.804   5.338   4.913   4.345   3.892   3.843   0.866   0.891   1.020   0.502
 64  0.838668 -0.318200  3.718000  0.12242E+04   6.989   6.617   5.758   5.298   4.875   4.314   3.867   3.818   0.859   0.882   1.008   0.496
 65  0.843330 -0.303300  3.719900  0.11780E+04   6.924   6.565   5.713   5.258   4.839   4.284   3.843   3.795   0.852   0.874   0.996   0.489
 66  0.847865 -0.288700  3.721700  0.11330E+04   6.862   6.515   5.670   5.219   4.803   4.254   3.818   3.770   0.845   0.867   0.985   0.484
 67  0.852288 -0.274200  3.723400  0.10886E+04   6.802   6.466   5.628   5.180   4.768   4.224   3.793   3.746   0.838   0.860   0.975   0.479
 68  0.856578 -0.260100  3.725100  0.10476E+04   6.743   6.418   5.587   5.143   4.733   4.195   3.769   3.722   0.832   0.853   0.964   0.473
 69  0.860772 -0.246100  3.726800  0.10130E+04   6.685   6.371   5.546   5.106   4.699   4.167   3.745   3.698   0.825   0.847   0.954   0.468
 70  0.864877 -0.232400  3.728300  0.98051E+03   6.629   6.325   5.506   5.070   4.666   4.138   3.721   3.675   0.819   0.841   0.945   0.464
 71  0.868895 -0.218900  3.729900  0.94959E+03   6.574   6.280   5.467   5.035   4.633   4.111   3.698   3.652   0.812   0.834   0.935   0.459
 72  0.872830 -0.205600  3.731300  0.92125E+03   6.521   6.236   5.430   5.000   4.601   4.083   3.674   3.628   0.807   0.829   0.927   0.455
 73  0.876693 -0.192500  3.732800  0.89502E+03   6.467   6.193   5.392   4.966   4.569   4.056   3.651   3.606   0.801   0.823   0.918   0.450
 74  0.880485 -0.179500  3.734100  0.86943E+03   6.417   6.151   5.355   4.932   4.538   4.029   3.628   3.583   0.795   0.818   0.910   0.446
 75  0.884205 -0.166800  3.735500  0.84540E+03   6.366   6.109   5.319   4.899   4.507   4.003   3.606   3.561   0.790   0.812   0.901   0.442
 76  0.887862 -0.154300  3.736800  0.82316E+03   6.317   6.068   5.284   4.867   4.477   3.977   3.583   3.539   0.785   0.807   0.893   0.438
 77  0.891458 -0.141900  3.738000  0.80099E+03   6.269   6.029   5.249   4.835   4.447   3.951   3.561   3.516   0.780   0.802   0.886   0.435
 78  0.894987 -0.129700  3.739200  0.77922E+03   6.223   5.990   5.215   4.803   4.417   3.925   3.539   3.495   0.775   0.798   0.879   0.431
 79  0.898454 -0.117700  3.740300  0.75893E+03   6.178   5.952   5.182   4.772   4.388   3.900   3.516   3.473   0.770   0.793   0.872   0.428
 80  0.901863 -0.105900  3.741400  0.73809E+03   6.134   5.915   5.149   4.742   4.360   3.875   3.494   3.451   0.766   0.789   0.866   0.425
 81  0.905201 -0.094300  3.742400  0.71675E+03   6.092   5.879   5.118   4.713   4.332   3.850   3.472   3.428   0.762   0.786   0.860   0.422
 82  0.908472 -0.083000  3.743400  0.69564E+03   6.051   5.844   5.087   4.684   4.305   3.826   3.450   3.407   0.757   0.782   0.855   0.419
 83  0.911670 -0.071800  3.744400  0.67499E+03   6.011   5.810   5.056   4.655   4.278   3.802   3.429   3.386   0.753   0.779   0.849   0.416
 84  0.914801 -0.060800  3.745300  0.65592E+03   5.972   5.776   5.026   4.627   4.251   3.778   3.407   3.364   0.750   0.775   0.844   0.414
 85  0.917870 -0.050000  3.746100  0.63766E+03   5.935   5.744   4.997   4.600   4.225   3.755   3.385   3.343   0.746   0.773   0.840   0.412
 86  0.920876 -0.039400  3.747000  0.62060E+03   5.897   5.711   4.969   4.573   4.199   3.732   3.365   3.323   0.743   0.769   0.834   0.409
 87  0.923828 -0.029000  3.747800  0.60488E+03   5.861   5.680   4.941   4.546   4.174   3.709   3.344   3.302   0.739   0.766   0.830   0.407
 88  0.926727 -0.018800  3.748500  0.59008E+03   5.827   5.650   4.913   4.520   4.149   3.687   3.323   3.282   0.736   0.764   0.826   0.405
 89  0.929578 -0.008700  3.749200  0.57707E+03   5.793   5.620   4.886   4.495   4.125   3.664   3.303   3.261   0.733   0.761   0.822   0.403
 90  0.932391  0.001200  3.749900  0.56591E+03   5.759   5.590   4.860   4.470   4.101   3.643   3.283   3.241   0.730   0.759   0.818   0.401
 91  0.935172  0.010900  3.750600  0.55563E+03   5.727   5.561   4.834   4.445   4.078   3.621   3.263   3.222   0.728   0.756   0.814   0.399
 92  0.937922  0.020500  3.751200  0.54672E+03   5.695   5.533   4.808   4.421   4.054   3.600   3.243   3.202   0.725   0.754   0.811   0.398
 93  0.940652  0.030000  3.751700  0.53864E+03   5.665   5.506   4.783   4.397   4.031   3.578   3.223   3.182   0.723   0.752   0.808   0.396
 94  0.943358  0.039300  3.752300  0.52990E+03   5.634   5.479   4.759   4.374   4.009   3.558   3.204   3.163   0.720   0.750   0.805   0.395
 95  0.946036  0.048600  3.752800  0.51935E+03   5.605   5.453   4.734   4.350   3.986   3.537   3.184   3.144   0.718   0.748   0.802   0.393
 96  0.948670  0.057700  3.753200  0.74286E+03   5.577   5.427   4.711   4.327   3.964   3.516   3.164   3.124   0.716   0.747   0.799   0.392
 97  0.953684  0.075500  3.754100  0.84912E+03   5.522   5.377   4.664   4.282   3.920   3.475   3.126   3.086   0.713   0.744   0.794   0.390
 98  0.957521  0.089600  3.754800  0.78118E+03   5.478   5.337   4.627   4.247   3.886   3.443   3.096   3.055   0.710   0.741   0.790   0.388
 99  0.961904  0.106300  3.755500  0.82249E+03   5.428   5.290   4.584   4.205   3.845   3.404   3.059   3.019   0.707   0.739   0.786   0.386
100  0.966269  0.123400  3.756100  0.81025E+03   5.378   5.244   4.540   4.162   3.803   3.364   3.020   2.980   0.704   0.736   0.783   0.384
101  0.970614  0.140800  3.756700  0.79217E+03   5.327   5.196   4.495   4.118   3.761   3.324   2.981   2.941   0.701   0.734   0.779   0.382
102  0.974875  0.158600  3.757300  0.77559E+03   5.275   5.148   4.449   4.074   3.717   3.282   2.941   2.901   0.699   0.732   0.776   0.381
103  0.979127  0.176500  3.757800  0.76716E+03   5.224   5.099   4.403   4.029   3.673   3.239   2.900   2.860   0.697   0.730   0.773   0.379
104  0.983382  0.194600  3.758100  0.75831E+03   5.176   5.052   4.357   3.984   3.628   3.195   2.857   2.817   0.695   0.729   0.771   0.378
105  0.987622  0.212900  3.758300  0.74679E+03   5.128   5.005   4.311   3.938   3.582   3.150   2.813   2.773   0.694   0.728   0.770   0.378
106  0.991833  0.231400  3.758400  0.73402E+03   5.080   4.958   4.264   3.891   3.536   3.105   2.767   2.727   0.694   0.728   0.769   0.377
107  0.996012  0.250100  3.758200  0.72127E+03   5.036   4.912   4.218   3.845   3.489   3.057   2.719   2.679   0.694   0.728   0.770   0.378
108  1.000159  0.269000  3.757900  0.59158E+03   4.993   4.866   4.171   3.797   3.441   3.008   2.670   2.630   0.696   0.729   0.771   0.379
109  1.002908  0.281700  3.757500  0.46836E+03   4.966   4.837   4.140   3.766   3.409   2.975   2.636   2.595   0.697   0.731   0.773   0.380
110  1.005654  0.294500  3.757000  0.46495E+03   4.941   4.808   4.109   3.734   3.376   2.941   2.600   2.560   0.699   0.733   0.776   0.381
111  1.008398  0.307400  3.756200  0.46265E+03   4.918   4.781   4.078   3.702   3.343   2.905   2.563   2.522   0.703   0.735   0.780   0.383
112  1.011152  0.320400  3.755300  0.46261E+03   4.897   4.754   4.048   3.669   3.309   2.868   2.524   2.483   0.706   0.738   0.785   0.385
113  1.013931  0.333500  3.754000  0.34758E+03   4.881   4.730   4.018   3.637   3.275   2.830   2.483   2.441   0.712   0.743   0.792   0.389
114  1.015336  0.340000  3.753200  0.23392E+03   4.874   4.718   4.003   3.621   3.257   2.810   2.461   2.419   0.715   0.746   0.796   0.391
115  1.016756  0.346600  3.752300  0.23670E+03   4.869   4.708   3.989   3.605   3.240   2.789   2.439   2.396   0.719   0.749   0.801   0.393
116  1.018204  0.353100  3.751200  0.24109E+03   4.867   4.699   3.975   3.589   3.222   2.768   2.415   2.372   0.724   0.753   0.807   0.396
117  1.019687  0.359500  3.750000  0.24724E+03   4.866   4.691   3.962   3.573   3.205   2.747   2.391   2.348   0.729   0.757   0.813   0.399
118  1.021220  0.365900  3.748400  0.25616E+03   4.870   4.685   3.949   3.558   3.187   2.724   2.364   2.321   0.736   0.763   0.822   0.403
119  1.022823  0.372000  3.746400  0.26801E+03   4.880   4.683   3.939   3.543   3.169   2.700   2.336   2.292   0.744   0.770   0.833   0.408
120  1.024513  0.377500  3.743800  0.27678E+03   4.899   4.687   3.932   3.531   3.153   2.676   2.305   2.261   0.755   0.779   0.847   0.415
121  1.026237  0.381700  3.740300  0.26559E+03   4.933   4.700   3.930   3.523   3.139   2.651   2.272   2.227   0.770   0.791   0.867   0.424
122  1.027802  0.383700  3.736200  0.22143E+03   4.985   4.725   3.937   3.521   3.130   2.629   2.239   2.193   0.788   0.807   0.891   0.436
123  1.028989  0.383100  3.732300  0.18954E+03   5.041   4.755   3.950   3.526   3.129   2.614   2.214   2.167   0.805   0.821   0.915   0.447
124  1.030164  0.381900  3.727600  0.18695E+03   5.111   4.792   3.968   3.534   3.129   2.599   2.186   2.138   0.825   0.839   0.943   0.461
125  1.031325  0.379900  3.722100  0.18533E+03   5.194   4.839   3.991   3.546   3.131   2.583   2.155   2.106   0.848   0.860   0.976   0.477
126  1.032486  0.379000  3.716000  0.18524E+03   5.287   4.889   4.016   3.556   3.131   2.562   2.117   2.066   0.873   0.885   1.014   0.496
127  1.033652  0.382100  3.709700  0.17992E+03   5.375   4.932   4.033   3.559   3.122   2.531   2.067   2.015   0.899   0.911   1.055   0.516
128  1.034752  0.391700  3.704200  0.16308E+03   5.436   4.954   4.032   3.545   3.098   2.487   2.008   1.954   0.922   0.934   1.090   0.533
129  1.035711  0.407000  3.700100  0.14170E+03   5.462   4.950   4.011   3.515   3.060   2.435   1.944   1.889   0.939   0.951   1.117   0.546
130  1.036545  0.424900  3.697300  0.12509E+03   5.463   4.930   3.979   3.476   3.016   2.380   1.881   1.825   0.951   0.963   1.135   0.556
131  1.037297  0.443900  3.695100  0.11441E+03   5.452   4.903   3.942   3.433   2.969   2.325   1.818   1.762   0.960   0.974   1.151   0.563
132  1.037998  0.463600  3.693600  0.10723E+03   5.428   4.868   3.901   3.388   2.920   2.271   1.759   1.703   0.967   0.981   1.161   0.568
133  1.038661  0.483700  3.692300  0.10213E+03   5.401   4.829   3.857   3.340   2.870   2.216   1.700   1.644   0.973   0.987   1.170   0.573
134  1.039299  0.504100  3.691300  0.98452E+02   5.367   4.788   3.811   3.292   2.819   2.162   1.642   1.586   0.977   0.991   1.177   0.576
135  1.039917  0.524600  3.690400  0.95655E+02   5.332   4.745   3.764   3.243   2.769   2.108   1.585   1.529   0.982   0.995   1.183   0.579
136  1.040521  0.545200  3.689700  0.93568E+02   5.293   4.700   3.715   3.193   2.717   2.054   1.529   1.473   0.985   0.998   1.188   0.581
137  1.041114  0.565800  3.689100  0.92037E+02   5.253   4.655   3.667   3.143   2.666   2.000   1.474   1.417   0.988   1.001   1.192   0.583
138  1.041700  0.586400  3.688600  0.90754E+02   5.211   4.608   3.617   3.093   2.615   1.947   1.419   1.362   0.990   1.003   1.196   0.585
139  1.042278  0.607100  3.688100  0.89541E+02   5.168   4.561   3.568   3.042   2.563   1.894   1.364   1.307   0.993   1.005   1.199   0.586
140  1.042850  0.627700  3.687700  0.88489E+02   5.125   4.513   3.518   2.992   2.512   1.841   1.310   1.253   0.995   1.006   1.202   0.587
141  1.043416  0.648300  3.687300  0.87052E+02   5.081   4.466   3.468   2.941   2.461   1.788   1.256   1.199   0.997   1.008   1.204   0.588
142  1.043971  0.668900  3.686900  0.70346E+02   5.038   4.418   3.419   2.891   2.409   1.735   1.202   1.145   1.000   1.009   1.207   0.590
143  1.044323  0.682200  3.686600  0.54492E+02   5.011   4.388   3.387   2.858   2.376   1.701   1.167   1.110   1.001   1.010   1.209   0.590
144  1.044674  0.695700  3.686300  0.54440E+02   4.983   4.357   3.354   2.825   2.343   1.666   1.131   1.075   1.003   1.012   1.211   0.591
145  1.045026  0.709300  3.686100  0.54397E+02   4.954   4.326   3.321   2.791   2.309   1.631   1.096   1.039   1.004   1.012   1.212   0.592
146  1.045377  0.723200  3.685800  0.54206E+02   4.925   4.294   3.288   2.757   2.274   1.595   1.060   1.003   1.006   1.014   1.214   0.593
147  1.045727  0.737500  3.685500  0.53850E+02   4.896   4.261   3.253   2.722   2.238   1.559   1.022   0.965   1.008   1.015   1.217   0.593
148  1.046074  0.752600  3.685200  0.53266E+02   4.865   4.227   3.217   2.685   2.201   1.520   0.982   0.925   1.010   1.016   1.219   0.594
149  1.046417  0.768400  3.684800  0.52526E+02   4.834   4.191   3.179   2.647   2.162   1.479   0.940   0.883   1.012   1.018   1.221   0.595
150  1.046755  0.785100  3.684500  0.51567E+02   4.799   4.153   3.139   2.606   2.120   1.436   0.897   0.840   1.014   1.019   1.223   0.596
151  1.047086  0.803200  3.684100  0.50757E+02   4.762   4.112   3.096   2.561   2.075   1.389   0.849   0.792   1.016   1.021   1.226   0.597
152  1.047414  0.821800  3.683600  0.49949E+02   4.726   4.070   3.051   2.516   2.029   1.341   0.799   0.742   1.019   1.023   1.229   0.599
153  1.047735  0.841500  3.683100  0.48767E+02   4.687   4.026   3.005   2.468   1.980   1.290   0.747   0.690   1.022   1.025   1.233   0.600
154  1.048048  0.862300  3.682600  0.47734E+02   4.645   3.980   2.955   2.417   1.928   1.237   0.692   0.635   1.025   1.027   1.236   0.602
155  1.048356  0.883700  3.682000  0.46694E+02   4.604   3.932   2.904   2.366   1.875   1.181   0.635   0.578   1.028   1.029   1.240   0.604
156  1.048656  0.906000  3.681400  0.45666E+02   4.561   3.883   2.851   2.311   1.820   1.123   0.575   0.518   1.031   1.032   1.244   0.605
157  1.048951  0.929100  3.680700  0.44721E+02   4.518   3.832   2.797   2.255   1.762   1.063   0.513   0.456   1.035   1.035   1.249   0.607
158  1.049239  0.952800  3.680000  0.43459E+02   4.473   3.780   2.741   2.198   1.704   1.002   0.450   0.392   1.039   1.037   1.254   0.610
159  1.049518  0.977400  3.679200  0.42208E+02   4.428   3.727   2.683   2.139   1.643   0.938   0.383   0.326   1.044   1.041   1.259   0.612
160  1.049790  1.002700  3.678400  0.41114E+02   4.381   3.672   2.624   2.078   1.580   0.872   0.315   0.257   1.048   1.044   1.265   0.615
161  1.050055  1.028600  3.677500  0.40014E+02   4.334   3.617   2.564   2.015   1.516   0.804   0.245   0.187   1.053   1.047   1.271   0.617
162  1.050313  1.055200  3.676500  0.38687E+02   4.288   3.560   2.502   1.952   1.451   0.735   0.172   0.114   1.058   1.052   1.278   0.621
163  1.050561  1.082400  3.675500  0.37299E+02   4.241   3.504   2.440   1.887   1.383   0.663   0.098   0.039   1.064   1.057   1.286   0.624
164  1.050801  1.110300  3.674500  0.36132E+02   4.193   3.445   2.376   1.820   1.314   0.591   0.021  -0.037   1.069   1.062   1.293   0.628
165  1.051034  1.138600  3.673300  0.34811E+02   4.149   3.388   2.312   1.753   1.245   0.516  -0.057  -0.116   1.076   1.068   1.302   0.632
166  1.051257  1.167600  3.672100  0.33348E+02   4.103   3.329   2.247   1.684   1.173   0.440  -0.138  -0.197   1.082   1.074   1.311   0.637
167  1.051471  1.197200  3.670900  0.32104E+02   4.057   3.269   2.180   1.614   1.100   0.362  -0.219  -0.279   1.089   1.080   1.320   0.641
168  1.051678  1.227100  3.669500  0.30799E+02   4.013   3.211   2.114   1.544   1.027   0.283  -0.303  -0.364   1.097   1.087   1.330   0.646
169  1.051875  1.257600  3.668100  0.29414E+02   3.968   3.150   2.046   1.472   0.952   0.202  -0.389  -0.449   1.104   1.094   1.340   0.652
170  1.052064  1.288500  3.666700  0.28257E+02   3.922   3.090   1.978   1.399   0.876   0.121  -0.475  -0.536   1.112   1.102   1.351   0.657
171  1.052246  1.319700  3.665200  0.27111E+02   3.878   3.029   1.909   1.327   0.800   0.038  -0.562  -0.624   1.120   1.109   1.362   0.662
172  1.052420  1.351200  3.663700  0.26112E+02   3.833   2.968   1.839   1.253   0.723  -0.045  -0.651  -0.713   1.128   1.116   1.374   0.668
173  1.052589  1.383000  3.662100  0.25258E+02   3.790   2.907   1.770   1.179   0.645  -0.129  -0.740  -0.803   1.137   1.124   1.386   0.674
174  1.052752  1.415100  3.660500  0.24714E+02   3.746   2.845   1.700   1.105   0.567  -0.213  -0.831  -0.893   1.146   1.132   1.398   0.680
175  1.052914  1.447100  3.658900  0.25086E+02   3.702   2.784   1.630   1.031   0.490  -0.298  -0.921  -0.984   1.154   1.140   1.410   0.686
176  1.053082  1.479000  3.657200  0.47345E+02   3.661   2.724   1.561   0.957   0.413  -0.382  -1.011  -1.075   1.164   1.148   1.423   0.692
177  1.053537  1.476700  3.658000  0.54356E+02   3.650   2.721   1.561   0.960   0.417  -0.374  -1.000  -1.064   1.160   1.144   1.417   0.689
178  1.053798  1.466000  3.659000  0.40287E+02   3.656   2.737   1.582   0.983   0.442  -0.345  -0.967  -1.030   1.155   1.139   1.410   0.685
179  1.054068  1.532700  3.655400  0.38066E+02   3.571   2.612   1.438   0.830   0.281  -0.521  -1.156  -1.220   1.174   1.157   1.437   0.699
180  1.054300  1.595400  3.651800  0.33050E+02   3.503   2.501   1.306   0.687   0.130  -0.688  -1.336  -1.401   1.195   1.176   1.466   0.713
181  1.054504  1.656600  3.648100  0.28944E+02   3.446   2.398   1.181   0.550  -0.017  -0.851  -1.512  -1.579   1.217   1.198   1.496   0.728
182  1.054682  1.715900  3.644500  0.25285E+02   3.393   2.298   1.060   0.418  -0.158  -1.008  -1.684  -1.752   1.237   1.219   1.525   0.744
183  1.054838  1.774200  3.640800  0.22100E+02   3.344   2.202   0.944   0.289  -0.297  -1.162  -1.852  -1.922   1.259   1.240   1.556   0.759
184  1.054974  1.830100  3.637200  0.19378E+02   3.299   2.112   0.832   0.167  -0.429  -1.310  -2.014  -2.085   1.279   1.261   1.585   0.775
185  1.055094  1.885200  3.633600  0.16947E+02   3.256   2.023   0.723   0.047  -0.559  -1.456  -2.173  -2.246   1.300   1.282   1.615   0.790
186  1.055198  1.938200  3.630000  0.15049E+02   3.219   1.940   0.620  -0.068  -0.683  -1.595  -2.327  -2.401   1.320   1.302   1.644   0.805
187  1.055293  1.991000  3.626300  0.13468E+02   3.194   1.864   0.521  -0.179  -0.805  -1.735  -2.482  -2.557   1.343   1.326   1.677   0.822
188  1.055376  2.042400  3.622600  0.11870E+02   3.178   1.794   0.428  -0.284  -0.922  -1.872  -2.634  -2.711   1.365   1.350   1.712   0.839
189  1.055450  2.092400  3.619000  0.10580E+02   3.163   1.726   0.339  -0.386  -1.036  -2.004  -2.782  -2.860   1.388   1.374   1.746   0.856
190  1.055516  2.141600  3.615300  0.95241E+01   3.153   1.663   0.252  -0.484  -1.147  -2.134  -2.927  -3.007   1.410   1.399   1.780   0.873
191  1.055576  2.189800  3.611700  0.85408E+01   3.143   1.600   0.168  -0.581  -1.255  -2.260  -3.069  -3.151   1.433   1.423   1.814   0.891
192  1.055629  2.236700  3.608100  0.76389E+01   3.137   1.541   0.087  -0.674  -1.360  -2.383  -3.207  -3.291   1.455   1.447   1.847   0.908
193  1.055677  2.282600  3.604600  0.68725E+01   3.130   1.484   0.007  -0.765  -1.462  -2.502  -3.342  -3.427   1.476   1.470   1.879   0.925
194  1.055720  2.327600  3.601100  0.61874E+01   3.125   1.430  -0.067  -0.850  -1.560  -2.620  -3.475  -3.562   1.497   1.493   1.915   0.942
195  1.055759  2.371200  3.597600  0.55925E+01   3.121   1.385  -0.131  -0.922  -1.649  -2.737  -3.608  -3.697   1.516   1.518   1.958   0.960
196  1.055794  2.414300  3.594100  0.50607E+01   3.119   1.342  -0.194  -0.993  -1.737  -2.852  -3.738  -3.830   1.536   1.543   2.002   0.978
197  1.055826  2.456400  3.590700  0.46102E+01   3.119   1.301  -0.254  -1.061  -1.822  -2.963  -3.865  -3.959   1.556   1.567   2.043   0.996
198  1.055855  2.497100  3.587300  0.41597E+01   3.123   1.265  -0.311  -1.127  -1.903  -3.070  -3.988  -4.084   1.576   1.592   2.085   1.014
199  1.055881  2.537100  3.583900  0.38533E+01   3.129   1.230  -0.366  -1.191  -1.983  -3.174  -4.108  -4.206   1.596   1.617   2.125   1.032
200  1.055906  2.576200  3.580600  0.35470E+01   3.137   1.197  -0.419  -1.253  -2.061  -3.275  -4.225  -4.325   1.616   1.642   2.164   1.050
201  1.055928  2.614200  3.577400  0.31688E+01   3.145   1.165  -0.471  -1.314  -2.136  -3.373  -4.338  -4.440   1.635   1.665   2.202   1.067
202  1.055948  2.651800  3.574100  0.29436E+01   3.157   1.136  -0.520  -1.373  -2.210  -3.469  -4.451  -4.555   1.656   1.690   2.241   1.086
203  1.055967  2.687900  3.570900  0.27184E+01   3.110   1.148  -0.508  -1.389  -2.293  -3.572  -4.554  -4.666   1.656   1.785   2.261   1.093
204  1.055984  2.723500  3.567700  0.24933E+01   3.056   1.162  -0.493  -1.404  -2.376  -3.674  -4.654  -4.773   1.654   1.883   2.277   1.099
205  1.056000  2.758300  3.564500  0.22592E+01   2.996   1.172  -0.478  -1.420  -2.456  -3.771  -4.749  -4.876   1.651   1.978   2.293   1.105
206  1.056014  2.792200  3.561300  0.21151E+01   2.929   1.181  -0.463  -1.436  -2.533  -3.866  -4.841  -4.976   1.644   2.070   2.308   1.111
207  1.056028  2.825200  3.558200  0.20430E+01   2.857   1.185  -0.450  -1.453  -2.608  -3.956  -4.929  -5.073   1.635   2.158   2.321   1.116
208  1.056041  2.857400  3.555100  0.18090E+01   2.779   1.188  -0.436  -1.470  -2.680  -4.044  -5.013  -5.166   1.624   2.244   2.333   1.122
209  1.056052  2.888900  3.552100  0.16649E+01   2.695   1.186  -0.425  -1.489  -2.750  -4.128  -5.095  -5.257   1.611   2.325   2.344   1.128
210  1.056063  2.919800  3.549000  0.15839E+01   2.605   1.184  -0.411  -1.505  -2.819  -4.211  -5.174  -5.345   1.595   2.408   2.355   1.134
211  1.056073  2.949600  3.546100  0.15029E+01   2.511   1.176  -0.401  -1.525  -2.885  -4.290  -5.249  -5.430   1.577   2.484   2.364   1.140
212  1.056083  2.979000  3.543200  0.14399E+01   2.469   1.200  -0.363  -1.521  -2.938  -4.371  -5.328  -5.518   1.563   2.575   2.390   1.147
213  1.056092  3.007700  3.540200  0.12868E+01   2.565   1.313  -0.250  -1.456  -2.960  -4.458  -5.418  -5.614   1.563   2.710   2.458   1.157
214  1.056100  3.035700  3.537400  0.12058E+01   2.655   1.418  -0.145  -1.399  -2.983  -4.540  -5.503  -5.705   1.563   2.838   2.520   1.165
215  1.056108  3.063000  3.534600  0.11338E+01   2.748   1.527  -0.036  -1.342  -3.004  -4.619  -5.584  -5.793   1.563   2.968   2.580   1.174
216  1.056115  3.089800  3.531800  0.10528E+01   2.844   1.638   0.076  -1.286  -3.024  -4.695  -5.663  -5.878   1.562   3.100   2.638   1.184
217  1.056122  3.115900  3.529000  0.10528E+01   2.944   1.753   0.191  -1.230  -3.043  -4.768  -5.738  -5.960   1.562   3.234   2.696   1.193
218  1.056129  3.141400  3.526300  0.98980E+00   3.042   1.865   0.304  -1.179  -3.061  -4.838  -5.811  -6.039   1.561   3.365   2.750   1.202
219  1.056135  3.166300  3.523600  0.82782E+00   3.148   2.001   0.437  -1.117  -3.062  -4.909  -5.884  -6.119   1.565   3.499   2.822   1.209
220  1.056140  3.190500  3.521000  0.82781E+00   3.260   2.156   0.584  -1.045  -3.048  -4.982  -5.956  -6.198   1.571   3.633   2.908   1.216
221  1.056146  3.214300  3.518400  0.83680E+00   3.381   2.319   0.741  -0.971  -3.031  -5.052  -6.027  -6.276   1.578   3.771   2.996   1.224
222  1.056151  3.237400  3.515800  0.75581E+00   3.511   2.491   0.907  -0.892  -3.009  -5.120  -6.096  -6.351   1.584   3.916   3.086   1.231
223  1.056156  3.260200  3.513000  0.75580E+00   3.663   2.686   1.096  -0.802  -2.980  -5.186  -6.163  -6.426   1.590   4.076   3.183   1.240
224  1.056161  3.282200  3.510500  0.67482E+00   3.794   2.856   1.261  -0.730  -2.959  -5.249  -6.226  -6.496   1.595   4.220   3.267   1.247
225  1.056165  3.303900  3.508000  0.67481E+00   3.931   3.030   1.431  -0.658  -2.936  -5.310  -6.287  -6.565   1.599   4.367   3.351   1.254
226  1.056170  3.325000  3.505500  0.68380E+00   4.073   3.210   1.607  -0.585  -2.911  -5.369  -6.347  -6.631   1.603   4.518   3.436   1.262
227  1.056174  3.345600  3.503100  0.53084E+00   4.091   3.264   1.657  -0.569  -2.906  -5.429  -6.405  -6.693   1.607   4.564   3.499   1.264
228  1.056177  3.365400  3.500700  0.52184E+00   4.093   3.302   1.692  -0.559  -2.900  -5.488  -6.462  -6.753   1.610   4.592   3.562   1.265
229  1.056181  3.384400  3.498400  0.25642E+01   4.097   3.341   1.728  -0.546  -2.892  -5.544  -6.517  -6.810   1.613   4.620   3.625   1.266
230  1.056211  3.400000  3.496600  0.22671E+01   4.101   3.371   1.756  -0.535  -2.885  -5.589  -6.561  -6.857   1.615   4.641   3.675   1.267
231  0.912080  2.970304  3.517023  0.40133E-03   4.069   3.028   1.447  -0.301  -2.383  -4.449  -5.432  -5.675   1.581   3.830   3.049   1.226
232  0.912080  3.078515  3.517023  0.82112E+00   3.834   2.794   1.213  -0.549  -2.643  -4.720  -5.699  -5.947   1.581   3.856   3.055   1.227
233  0.912080  3.186726  3.517023  0.13332E+01   3.599   2.558   0.977  -0.799  -2.906  -4.992  -5.964  -6.218   1.581   3.884   3.058   1.226
234  0.912080  3.294937  3.517023  0.80265E-03   3.366   2.326   0.745  -1.048  -3.169  -5.265  -6.230  -6.490   1.581   3.914   3.060   1.225
235  0.912080  2.970304  3.527961  0.99810E+00   3.404   2.218   0.657  -0.798  -2.651  -4.408  -5.384  -5.604   1.561   3.307   2.734   1.196
236  0.912080  3.078515  3.527961  0.45751E+00   3.134   1.948   0.387  -1.069  -2.924  -4.678  -5.650  -5.874   1.561   3.311   2.726   1.196
237  0.912080  2.862093  3.538898  0.92466E+00   3.030   1.785   0.222  -1.012  -2.567  -4.101  -5.067  -5.262   1.563   2.789   2.501   1.161
238  0.912080  2.970304  3.538898  0.86847E+00   2.750   1.505  -0.058  -1.290  -2.841  -4.371  -5.332  -5.532   1.563   2.783   2.492   1.161
239  0.912080  2.753882  3.549836  0.98044E+00   3.033   1.595  -0.001  -1.091  -2.401  -3.796  -4.764  -4.930   1.596   2.400   2.363   1.134
240  0.912080  2.862093  3.549836  0.10756E+01   2.762   1.316  -0.284  -1.371  -2.676  -4.066  -5.029  -5.199   1.600   2.392   2.354   1.132
241  0.912080  2.645671  3.560774  0.14829E+01   3.281   1.564  -0.070  -1.048  -2.162  -3.501  -4.479  -4.614   1.634   2.092   2.317   1.113
242  0.912080  2.753882  3.560774  0.14572E+01   3.036   1.296  -0.348  -1.327  -2.436  -3.772  -4.746  -4.883   1.645   2.088   2.310   1.111
243  0.912080  2.537460  3.571712  0.21937E+01   3.438   1.482  -0.164  -1.031  -1.914  -3.193  -4.176  -4.284   1.646   1.749   2.262   1.091
244  0.912080  2.645671  3.571712  0.23771E+01   3.221   1.233  -0.427  -1.302  -2.190  -3.464  -4.446  -4.555   1.660   1.763   2.255   1.092
245  0.912080  2.429249  3.582650  0.31043E+01   3.408   1.515  -0.080  -0.907  -1.705  -2.906  -3.845  -3.944   1.596   1.625   2.140   1.038
246  0.912080  2.537460  3.582650  0.31757E+01   3.193   1.260  -0.349  -1.179  -1.977  -3.177  -4.117  -4.216   1.610   1.627   2.140   1.039
247  0.912080  2.321038  3.593587  0.42990E+01   3.351   1.580   0.046  -0.754  -1.500  -2.619  -3.508  -3.600   1.535   1.546   2.008   0.980
248  0.912080  2.429249  3.593587  0.34422E+01   3.132   1.324  -0.223  -1.025  -1.771  -2.891  -3.780  -3.871   1.548   1.548   2.009   0.981
249  0.912080  2.212827  3.604525  0.65898E+01   3.305   1.659   0.183  -0.590  -1.288  -2.328  -3.168  -3.253   1.476   1.470   1.880   0.925
250  0.912080  2.321038  3.604525  0.39342E+01   3.076   1.399  -0.088  -0.861  -1.558  -2.600  -3.439  -3.524   1.487   1.470   1.880   0.924
251  0.912080  1.996405  3.615463  0.20066E-02   3.485   2.017   0.614  -0.122  -0.784  -1.769  -2.564  -2.644   1.402   1.399   1.780   0.874
252  0.912080  2.104616  3.615463  0.12350E+02   3.250   1.755   0.343  -0.393  -1.055  -2.042  -2.833  -2.914   1.412   1.397   1.779   0.872
253  0.912080  2.212827  3.615463  0.45049E+01   3.014   1.492   0.071  -0.664  -1.325  -2.314  -3.103  -3.183   1.421   1.396   1.778   0.870
254  0.912080  1.888193  3.626401  0.12040E-02   3.437   2.116   0.777   0.078  -0.548  -1.477  -2.225  -2.300   1.339   1.325   1.677   0.822
255  0.912080  1.996405  3.626401  0.26370E+02   3.199   1.854   0.506  -0.193  -0.818  -1.750  -2.494  -2.569   1.348   1.324   1.676   0.820
256  0.912080  2.104616  3.626401  0.88810E+01   2.962   1.592   0.234  -0.464  -1.089  -2.022  -2.764  -2.839   1.357   1.323   1.676   0.817
257  0.912080  1.779983  3.637339  0.51370E-01   3.424   2.236   0.956   0.291  -0.304  -1.185  -1.888  -1.959   1.280   1.260   1.584   0.774
258  0.912080  1.888193  3.637339  0.60095E+01   3.178   1.971   0.684   0.020  -0.574  -1.457  -2.158  -2.228   1.287   1.258   1.583   0.771
259  0.912080  1.996405  3.637339  0.33992E+00   2.937   1.708   0.412  -0.251  -0.845  -1.729  -2.428  -2.498   1.296   1.257   1.583   0.769
260  0.912080  1.671772  3.648277  0.14729E+00   3.421   2.362   1.141   0.511  -0.055  -0.889  -1.549  -1.615   1.221   1.196   1.494   0.726
261  0.912080  1.779983  3.648277  0.23230E+02   3.174   2.097   0.868   0.240  -0.326  -1.161  -1.819  -1.885   1.229   1.194   1.493   0.723
262  0.912080  1.888193  3.648277  0.48448E+01   2.927   1.832   0.596  -0.031  -0.596  -1.434  -2.088  -2.155   1.236   1.193   1.492   0.721
263  0.912080  1.671772  3.659214  0.23706E+02   3.188   2.233   1.062   0.466  -0.073  -0.863  -1.479  -1.542   1.171   1.135   1.406   0.679
264  0.912080  1.779983  3.659214  0.45972E+01   2.939   1.968   0.790   0.195  -0.344  -1.135  -1.749  -1.811   1.178   1.134   1.405   0.677
265  0.912080  1.671772  3.670152  0.64810E+03   2.968   2.113   0.992   0.426  -0.087  -0.833  -1.408  -1.468   1.121   1.079   1.321   0.634
266  0.912080  1.671772  3.681090  0.40133E-03   2.756   1.998   0.928   0.392  -0.098  -0.801  -1.336  -1.393   1.070   1.026   1.238   0.592
